# Created by Octave 3.6.3, Mon Apr 22 18:39:43 2013 ART <champo@champos>
# name: data
# type: scalar struct
# ndims: 2
 1 1
# length: 8
# name: ETA
# type: matrix
# rows: 1501
# columns: 1
 0.3
 0.3
 0.3
 0.2997
 0.2997
 0.2994003
 0.2994003
 0.2994003
 0.3994002999999999
 0.3990008996999999
 0.3990008996999999
 0.3986018988002999
 0.3986018988002999
 0.3982032969014996
 0.3982032969014996
 0.3978050936045981
 0.3974072885109935
 0.3970098812224825
 0.39661287134126
 0.3962162584699188
 0.3958200422114488
 0.3954242221692374
 0.3950287979470681
 0.3946337691491211
 0.394239135379972
 0.394239135379972
 0.393844896244592
 0.3934510513483474
 0.393057600296999
 0.393057600296999
 0.392664542696702
 0.3922718781540053
 0.3918796062758513
 0.3918796062758513
 0.3914877266695755
 0.3914877266695755
 0.3910962389429059
 0.390705142703963
 0.3903144375612591
 0.3899241231236978
 0.3895341990005741
 0.3891446648015735
 0.3887555201367719
 0.3883667646166352
 0.3879783978520185
 0.3875904194541665
 0.3872028290347123
 0.3868156262056776
 0.3864288105794719
 0.3860423817688924
 0.3856563393871236
 0.3852706830477364
 0.3848854123646887
 0.384500526952324
 0.3841160264253717
 0.3837319103989463
 0.3833481784885474
 0.3829648303100588
 0.3825818654797488
 0.3825818654797488
 0.382199283614269
 0.382199283614269
 0.3818170843306548
 0.3814352672463241
 0.3810538319790778
 0.3806727781470987
 0.3802921053689516
 0.3799118132635827
 0.3795319014503191
 0.3791523695488688
 0.3787732171793199
 0.3783944439621406
 0.3780160495181785
 0.3776380334686603
 0.3772603954351916
 0.3768831350397564
 0.3765062519047166
 0.3761297456528119
 0.3757536159071591
 0.375377862291252
 0.3750024844289607
 0.3746274819445318
 0.3742528544625872
 0.3738786016081246
 0.3735047230065165
 0.37313121828351
 0.3727580870652265
 0.3723853289781612
 0.3720129436491831
 0.3716409307055339
 0.3712692897748284
 0.3708980204850535
 0.3705271224645685
 0.3701565953421039
 0.3697864387467618
 0.3694166523080151
 0.3690472356557071
 0.3686781884200513
 0.3683095102316313
 0.3679412007213996
 0.3675732595206782
 0.3672056862611575
 0.3668384805748964
 0.3664716420943215
 0.3661051704522272
 0.365739065281775
 0.3653733262164932
 0.3650079528902767
 0.3646429449373864
 0.364278301992449
 0.3639140236904566
 0.3635501096667662
 0.3631865595570994
 0.3628233729975423
 0.3624605496245448
 0.3620980890749202
 0.3617359909858453
 0.3613742549948595
 0.3610128807398646
 0.3606518678591247
 0.3602912159912656
 0.3599309247752743
 0.3595709938504991
 0.3592114228566486
 0.3588522114337919
 0.3584933592223581
 0.3581348658631358
 0.3577767309972727
 0.3574189542662754
 0.3570615353120091
 0.3567044737766971
 0.3563477693029204
 0.3559914215336175
 0.3556354301120839
 0.3552797946819718
 0.3549245148872898
 0.3549245148872898
 0.3545695903724025
 0.3542150207820302
 0.3542150207820302
 0.3538608057612481
 0.3535069449554868
 0.3531534380105313
 0.3528002845725208
 0.3528002845725208
 0.3524474842879483
 0.3520950368036604
 0.3517429417668567
 0.3513911988250898
 0.3510398076262647
 0.3506887678186385
 0.3503380790508199
 0.349987740971769
 0.3496377532307973
 0.3492881154775664
 0.3489388273620889
 0.3485898885347268
 0.3482412986461921
 0.3478930573475459
 0.3475451642901983
 0.3471976191259081
 0.3468504215067822
 0.3465035710852755
 0.3461570675141902
 0.345810910446676
 0.3454650995362293
 0.3451196344366931
 0.3447745148022564
 0.3444297402874542
 0.3440853105471667
 0.3437412252366195
 0.3433974840113829
 0.3430540865273715
 0.3427110324408441
 0.3423683214084033
 0.3420259530869949
 0.3416839271339079
 0.341342243206774
 0.3410009009635672
 0.3406599000626037
 0.3403192401625411
 0.3399789209223785
 0.3396389420014562
 0.3392993030594547
 0.3389600037563952
 0.3386210437526389
 0.3382824227088862
 0.3379441402861773
 0.3376061961458912
 0.3372685899497453
 0.3369313213597955
 0.3365943900384357
 0.3362577956483973
 0.3359215378527489
 0.3355856163148962
 0.3355856163148962
 0.3352500306985813
 0.3349147806678827
 0.3345798658872148
 0.3342452860213276
 0.3339110407353063
 0.333577129694571
 0.3332435525648764
 0.3329103090123116
 0.3325773987032992
 0.3322448213045959
 0.3319125764832913
 0.331580663906808
 0.3312490832429012
 0.3309178341596583
 0.3305869163254986
 0.3302563294091732
 0.329926073079764
 0.3295961470066842
 0.3292665508596775
 0.3289372843088179
 0.328608347024509
 0.3282797386774845
 0.327951458938807
 0.3276235074798682
 0.3272958839723883
 0.3269685880884159
 0.3266416195003275
 0.3263149778808272
 0.3259886629029464
 0.3256626742400434
 0.3253370115658034
 0.3250116745542376
 0.3246866628796833
 0.3243619762168037
 0.3240376142405869
 0.3237135766263463
 0.3233898630497199
 0.3230664731866702
 0.3227434067134835
 0.32242066330677
 0.3220982426434632
 0.3217761444008198
 0.3214543682564189
 0.3211329138881625
 0.3208117809742743
 0.3204909691933001
 0.3201704782241068
 0.3198503077458827
 0.3195304574381368
 0.3192109269806986
 0.318891716053718
 0.3185728243376643
 0.3182542515133266
 0.3179359972618133
 0.3176180612645514
 0.3173004432032869
 0.3169831427600836
 0.3166661596173235
 0.3163494934577062
 0.3160331439642485
 0.3157171108202843
 0.315401393709464
 0.3150859923157545
 0.3147709063234387
 0.3144561354171153
 0.3141416792816982
 0.3138275376024165
 0.3135137100648141
 0.3132001963547493
 0.3128869961583945
 0.3125741091622362
 0.3122615350530739
 0.3119492735180208
 0.3116373242445028
 0.3113256869202583
 0.311014361233338
 0.3107033468721047
 0.3103926435252326
 0.3100822508817074
 0.3097721686308257
 0.3094623964621949
 0.3091529340657327
 0.3088437811316669
 0.3085349373505353
 0.3082264024131847
 0.3079181760107715
 0.3076102578347608
 0.307302647576926
 0.306995344929349
 0.3066883495844197
 0.3063816612348353
 0.3060752795736005
 0.3057692042940269
 0.3054634350897328
 0.3051579716546431
 0.3048528136829884
 0.3045479608693055
 0.3042434129084362
 0.3039391694955277
 0.3036352303260322
 0.3036352303260322
 0.3033315950957062
 0.3030282635006105
 0.3027252352371099
 0.3024225100018728
 0.3021200874918709
 0.3018179674043791
 0.3015161494369747
 0.3015161494369747
 0.3012146332875377
 0.3009134186542502
 0.300612505235596
 0.3003118927303604
 0.30001158083763
 0.2997115692567923
 0.2994118576875355
 0.299112445829848
 0.2988133333840181
 0.2985145200506341
 0.2982160055305835
 0.2979177895250529
 0.2976198717355278
 0.2973222518637923
 0.2970249296119285
 0.2967279046823166
 0.2964311767776343
 0.2961347456008566
 0.2958386108552558
 0.2955427722444005
 0.2952472294721561
 0.2949519822426839
 0.2946570302604413
 0.2943623732301808
 0.2940680108569507
 0.2937739428460937
 0.2934801689032476
 0.2931866887343444
 0.29289350204561
 0.2926006085435645
 0.2923080079350209
 0.2920156999270859
 0.2917236842271588
 0.2914319605429316
 0.2911405285823887
 0.2908493880538063
 0.2905585386657525
 0.2902679801270868
 0.2899777121469597
 0.2896877344348127
 0.2893980467003779
 0.2891086486536775
 0.2888195400050239
 0.2885307204650188
 0.2882421897445538
 0.2882421897445538
 0.2879539475548092
 0.2876659936072544
 0.2873783276136472
 0.2870909492860335
 0.2868038583367475
 0.2865170544784107
 0.2862305374239323
 0.2859443068865084
 0.2856583625796219
 0.2853727042170423
 0.2850873315128253
 0.2848022441813124
 0.2845174419371311
 0.284232924495194
 0.284232924495194
 0.2839486915706988
 0.2836647428791281
 0.283381078136249
 0.2830976970581127
 0.2828145993610546
 0.2825317847616935
 0.2822492529769319
 0.2819670037239549
 0.281685036720231
 0.2814033516835108
 0.2811219483318272
 0.2808408263834954
 0.2805599855571119
 0.2802794255715548
 0.2799991461459832
 0.2799991461459832
 0.2797191469998372
 0.2794394278528374
 0.2791599884249846
 0.2788808284365596
 0.278601947608123
 0.2783233456605149
 0.2780450223148543
 0.2777669772925395
 0.2774892103152469
 0.2772117211049317
 0.2772117211049317
 0.2769345093838267
 0.2766575748744429
 0.2763809172995685
 0.2761045363822689
