# Created by Octave 3.6.3, Mon Apr 22 17:03:51 2013 ART <champo@champos>
# name: data
# type: scalar struct
# ndims: 2
 1 1
# length: 8
# name: ETA
# type: matrix
# rows: 1501
# columns: 1
 0.3
 0.3
 0.3
 0.3
 0.2997
 0.2997
 0.2994003
 0.2991008997
 0.2991008997
 0.2988017988003
 0.2985029970014997
 0.2982044940044982
 0.2979062895104937
 0.2976083832209832
 0.2973107748377622
 0.2970134640629245
 0.2967164505988616
 0.2964197341482627
 0.2964197341482627
 0.2961233144141144
 0.2958271910997003
 0.2958271910997003
 0.2955313639086006
 0.2955313639086006
 0.2955313639086006
 0.3955313639086007
 0.3951358325446921
 0.3951358325446921
 0.3947406967121474
 0.3943459560154353
 0.3943459560154353
 0.3939516100594198
 0.3935576584493604
 0.3931641007909111
 0.3931641007909111
 0.3927709366901201
 0.39237816575343
 0.3919857875876766
 0.3915938018000889
 0.3915938018000889
 0.3912022079982888
 0.3908110057902905
 0.3904201947845002
 0.3900297745897157
 0.389639744815126
 0.3892501050703108
 0.3888608549652405
 0.3884719941102753
 0.388083522116165
 0.3876954385940488
 0.3873077431554547
 0.3869204354122993
 0.386533514976887
 0.3861469814619102
 0.3857608344804483
 0.3853750736459678
 0.3849896985723219
 0.3846047088737496
 0.3842201041648758
 0.383835884060711
 0.3834520481766502
 0.3830685961284736
 0.3826855275323451
 0.3823028420048128
 0.381920539162808
 0.3815386186236452
 0.3811570800050215
 0.3807759229250165
 0.3803951470020915
 0.3800147518550894
 0.3796347371032343
 0.3792551023661311
 0.3788758472637649
 0.3784969714165012
 0.3781184744450847
 0.3777403559706396
 0.3773626156146689
 0.3769852529990543
 0.3766082677460552
 0.3762316594783092
 0.3758554278188309
 0.375479572391012
 0.375479572391012
 0.375104092818621
 0.3747289887258024
 0.3743542597370766
 0.3739799054773395
 0.3736059255718622
 0.3732323196462903
 0.372859087326644
 0.3724862282393174
 0.3721137420110781
 0.371741628269067
 0.3713698866407979
 0.3709985167541571
 0.370627518237403
 0.3702568907191656
 0.3698866338284464
 0.369516747194618
 0.3691472304474234
 0.368778083216976
 0.368409305133759
 0.3680408958286252
 0.3676728549327966
 0.3673051820778638
 0.3669378768957859
 0.3665709390188902
 0.3665709390188902
 0.3662043680798713
 0.3658381637117914
 0.3654723255480796
 0.3651068532225316
 0.364741746369309
 0.3643770046229397
 0.3640126276183168
 0.3636486149906984
 0.3632849663757077
 0.362921681409332
 0.3625587597279227
 0.3621962009681948
 0.3618340047672266
 0.3614721707624594
 0.3611106985916969
 0.3607495878931052
 0.3603888383052121
 0.3600284494669069
 0.35966842101744
 0.3593087525964226
 0.3589494438438262
 0.3585904943999823
 0.3582319039055823
 0.3578736720016767
 0.3575157983296751
 0.3571582825313454
 0.3571582825313454
 0.356801124248814
 0.3564443231245653
 0.3560878788014407
 0.3557317909226393
 0.3553760591317167
 0.3550206830725849
 0.3546656623895124
 0.3543109967271229
 0.3539566857303957
 0.3536027290446653
 0.3532491263156207
 0.352895877189305
 0.3525429813121158
 0.3521904383308037
 0.3518382478924729
 0.3514864096445804
 0.3511349232349358
 0.3507837883117008
 0.3504330045233891
 0.3500825715188657
 0.3497324889473469
 0.3493827564583995
 0.3490333737019411
 0.3486843403282391
 0.3483356559879109
 0.347987320331923
 0.3476393330115911
 0.3472916936785795
 0.3469444019849009
 0.346597457582916
 0.3462508601253331
 0.3459046092652077
 0.3455587046559425
 0.3452131459512865
 0.3448679328053353
 0.3445230648725299
 0.3441785418076574
 0.3438343632658497
 0.3434905289025839
 0.3431470383736813
 0.3428038913353076
 0.3424610874439723
 0.3421186263565283
 0.3417765077301718
 0.3414347312224417
 0.3410932964912192
 0.340752203194728
 0.3404114509915332
 0.3400710395405417
 0.3397309685010012
 0.3393912375325002
 0.3390518462949677
 0.3387127944486727
 0.3387127944486727
 0.3383740816542241
 0.3380357075725698
 0.3376976718649973
 0.3373599741931323
 0.3370226142189391
 0.3366855916047202
 0.3363489060131155
 0.3360125571071024
 0.3356765445499953
 0.3353408680054453
 0.3350055271374398
 0.3346705216103024
 0.3343358510886921
 0.3340015152376034
 0.3336675137223657
 0.3333338462086434
 0.3330005123624347
 0.3326675118500723
 0.3323348443382222
 0.332002509493884
 0.3316705069843901
 0.3313388364774057
 0.3310074976409283
 0.3306764901432874
 0.3303458136531441
 0.3300154678394909
 0.3296854523716514
 0.3293557669192798
 0.3290264111523605
 0.3286973847412081
 0.3283686873564669
 0.3280403186691104
 0.3277122783504413
 0.3273845660720909
 0.3270571815060188
 0.3267301243245128
 0.3264033942001883
 0.3260769908059881
 0.3257509138151821
 0.3254251629013669
 0.3250997377384656
 0.3247746380007271
 0.3244498633627264
 0.3241254134993636
 0.3238012880858643
 0.3234774867977784
 0.3231540093109806
 0.3228308553016697
 0.322508024446368
 0.3221855164219216
 0.3218633309054997
 0.3215414675745942
 0.3212199261070196
 0.3208987061809126
 0.3205778074747317
 0.3202572296672569
 0.3199369724375897
 0.3196170354651521
 0.319297418429687
 0.3189781210112573
 0.318659142890246
 0.3183404837473557
 0.3180221432636084
 0.3177041211203448
 0.3173864169992244
 0.3170690305822252
 0.316751961551643
 0.3164352095900914
 0.3161187743805013
 0.3158026556061208
 0.3154868529505147
 0.3151713660975642
 0.3148561947314666
 0.3145413385367352
 0.3142267971981984
 0.3139125704010002
 0.3135986578305992
 0.3132850591727686
 0.3129717741135958
 0.3126588023394822
 0.3123461435371427
 0.3120337973936056
 0.311721763596212
 0.3114100418326158
 0.3110986317907832
 0.3107875331589924
 0.3104767456258334
 0.3101662688802075
 0.3098561026113273
 0.309546246508716
 0.3092367002622073
 0.3089274635619451
 0.3086185360983832
 0.3083099175622848
 0.3080016076447225
 0.3076936060370778
 0.3073859124310407
 0.3070785265186097
 0.3070785265186097
 0.3067714479920911
 0.3067714479920911
 0.306464676544099
 0.3061582118675549
 0.3058520536556873
 0.3055462016020316
 0.3055462016020316
 0.3052406554004296
 0.3049354147450291
 0.3046304793302841
 0.3043258488509538
 0.3040215230021029
 0.3040215230021029
 0.3040215230021029
 0.3037175014791008
 0.3037175014791008
 0.3034137839776216
 0.303110370193644
 0.303110370193644
 0.3028072598234504
 0.3028072598234504
 0.3025044525636269
 0.3022019481110633
 0.3018997461629522
 0.3015978464167893
 0.3012962485703725
 0.3012962485703725
 0.3009949523218021
 0.3009949523218021
 0.3006939573694803
 0.3006939573694803
 0.3003932634121108
 0.3000928701486987
 0.29979277727855
 0.2994929845012714
 0.2991934915167702
 0.2988942980252534
 0.2985954037272281
 0.2982968083235009
 0.2979985115151774
 0.2977005130036622
 0.2974028124906586
 0.297105409678168
 0.2968083042684898
 0.2965114959642213
 0.2962149844682571
 0.2962149844682571
 0.2959187694837889
 0.2956228507143051
 0.2953272278635907
 0.2950319006357272
 0.2947368687350914
 0.2944421318663563
 0.29414768973449
 0.2938535420447554
 0.2938535420447554
 0.2935596885027107
 0.293266128814208
 0.2929728626853938
 0.2926798898227084
 0.2923872099328857
 0.2920948227229528
 0.2918027279002298
 0.2915109251723296
 0.2912194142471572
 0.2909281948329101
 0.2906372666380772
 0.2903466293714391
 0.2900562827420677
 0.2897662264593256
 0.2894764602328663
 0.2891869837726334
 0.2888977967888608
 0.2886088989920719
 0.2883202900930799
 0.2880319698029868
 0.2877439378331838
 0.2874561938953506
 0.2871687377014552
 0.2868815689637538
 0.28659468739479
 0.2863080927073952
 0.2860217846146878
 0.2857357628300731
 0.285450027067243
 0.2851645770401758
 0.2848794124631356
 0.2845945330506724
 0.2843099385176218
 0.2840256285791041
 0.283741602950525
 0.2834578613475745
 0.2831744034862269
 0.2828912290827407
 0.2826083378536579
 0.2823257295158043
 0.2820434037862884
 0.2817613603825022
 0.2814795990221197
 0.2811981194230975
 0.2809169213036744
 0.2806360043823707
 0.2803553683779884
 0.2800750130096104
 0.2797949379966008
 0.2795151430586041
 0.2792356279155455
 0.27895639228763
 0.2786774358953423
 0.278398758459447
