# Created by Octave 3.6.3, Mon Apr 22 15:23:13 2013 ART <champo@champos>
# name: data
# type: scalar struct
# ndims: 2
 1 1
# length: 8
# name: ETA
# type: matrix
# rows: 1501
# columns: 1
 0.3
 0.3
 0.3
 0.3
 0.3
 0.4
 0.3996
 0.3996
 0.3992004
 0.3992004
 0.3992004
 0.4992004
 0.4987011996
 0.4987011996
 0.4982024984004
 0.4982024984004
 0.4977042959019996
 0.4972065916060976
 0.4967093850144915
 0.496212675629477
 0.4957164629538475
 0.4952207464908936
 0.4952207464908936
 0.4947255257444028
 0.4942308002186583
 0.4937365694184397
 0.4932428328490213
 0.4927495900161722
 0.4922568404261561
 0.4917645835857299
 0.4917645835857299
 0.4912728190021442
 0.4907815461831421
 0.4902907646369589
 0.489800473872322
 0.4893106733984496
 0.4888213627250512
 0.4883325413623261
 0.4878442088209638
 0.4878442088209638
 0.4873563646121428
 0.4873563646121428
 0.4868690082475307
 0.4863821392392831
 0.4858957571000438
 0.4858957571000438
 0.4854098613429438
 0.4849244514816008
 0.4844395270301192
 0.4839550875030891
 0.483471132415586
 0.483471132415586
 0.4829876612831704
 0.4825046736218872
 0.4820221689482653
 0.4815401467793171
 0.4810586066325377
 0.4810586066325377
 0.4805775480259052
 0.4800969704778793
 0.4796168735074014
 0.479137256633894
 0.4786581193772601
 0.4781794612578829
 0.477701281796625
 0.4772235805148283
 0.4767463569343135
 0.4762696105773792
 0.4757933409668018
 0.475317547625835
 0.4748422300782092
 0.474367387848131
 0.4738930204602829
 0.4734191274398226
 0.4729457083123828
 0.4724727626040704
 0.4720002898414663
 0.4715282895516248
 0.4710567612620732
 0.4705857045008112
 0.4701151187963103
 0.4696450036775141
 0.4691753586738365
 0.4687061833151627
 0.4682374771318475
 0.4677692396547156
 0.4673014704150609
 0.4668341689446459
 0.4663673347757012
 0.4659009674409255
 0.4654350664734846
 0.4649696314070111
 0.4645046617756041
 0.4640401571138285
 0.4640401571138285
 0.4635761169567146
 0.4631125408397579
 0.4626494282989182
 0.4621867788706193
 0.4617245920917487
 0.4612628674996569
 0.4608016046321572
 0.4603408030275251
 0.4598804622244976
 0.4594205817622731
 0.4589611611805108
 0.4585022000193303
 0.458043697819311
 0.4575856541214917
 0.4571280684673701
 0.4566709403989028
 0.4566709403989028
 0.4562142694585039
 0.4557580551890453
 0.4553022971338563
 0.4548469948367224
 0.4543921478418857
 0.4539377556940438
 0.4534838179383498
 0.4530303341204114
 0.452577303786291
 0.4521247264825047
 0.4516726017560223
 0.4512209291542662
 0.4507697082251119
 0.4503189385168868
 0.4498686195783699
 0.4498686195783699
 0.4494187509587916
 0.4489693322078328
 0.448520362875625
 0.4480718425127493
 0.4476237706702366
 0.4471761468995663
 0.4467289707526668
 0.4462822417819141
 0.4458359595401322
 0.4453901235805921
 0.4449447334570115
 0.4444997887235545
 0.4440552889348309
 0.4436112336458961
 0.4431676224122502
 0.442724454789838
 0.4422817303350481
 0.4418394486047131
 0.4413976091561084
 0.4409562115469522
 0.4405152553354053
 0.4400747400800699
 0.4396346653399898
 0.4391950306746499
 0.4387558356439752
 0.4383170798083313
 0.4378787627285229
 0.4374408839657944
 0.4370034430818286
 0.4365664396387468
 0.436129873199108
 0.4356937433259089
 0.435258049582583
 0.4348227915330004
 0.4343879687414673
 0.4339535807727259
 0.4335196271919531
 0.4330861075647612
 0.4326530214571964
 0.4322203684357392
 0.4317881480673035
 0.4313563599192362
 0.4309250035593169
 0.4304940785557576
 0.4300635844772018
 0.4296335208927246
 0.4292038873718319
 0.4287746834844601
 0.4283459088009756
 0.4279175628921746
 0.4274896453292825
 0.4270621556839532
 0.4266350935282692
 0.426208458434741
 0.4257822499763063
 0.42535646772633
 0.4249311112586036
 0.424506180147345
 0.4240816739671976
 0.4240816739671976
 0.4236575922932305
 0.4232339347009372
 0.4228107007662363
 0.4223878900654701
 0.4219655021754046
 0.4215435366732292
 0.421121993136556
 0.4207008711434194
 0.420280170272276
 0.4198598901020037
 0.4194400302119017
 0.4190205901816898
 0.4186015695915081
 0.4181829680219166
 0.4177647850538947
 0.4173470202688408
 0.4169296732485719
 0.4165127435753234
 0.416096230831748
 0.4156801346009162
 0.4152644544663153
 0.414849190011849
 0.4144343408218372
 0.4140199064810153
 0.4136058865745343
 0.4131922806879598
 0.4127790884072718
 0.4123663093188646
 0.4119539430095457
 0.4115419890665362
 0.4111304470774697
 0.4107193166303922
 0.4103085973137618
 0.4098982887164481
 0.4094883904277316
 0.4090789020373038
 0.4086698231352666
 0.4082611533121313
 0.4082611533121313
 0.4078528921588192
 0.4074450392666604
 0.4070375942273937
 0.4066305566331663
 0.4062239260765332
 0.4058177021504566
 0.4058177021504566
 0.4054118844483062
 0.4050064725638579
 0.404601466091294
 0.4041968646252027
 0.4037926677605775
 0.4033888750928169
 0.4029854862177241
 0.4025825007315064
 0.4025825007315064
 0.4021799182307749
 0.4017777383125441
 0.4013759605742315
 0.4009745846136573
 0.4005736100290437
 0.4001730364190146
 0.3997728633825956
 0.399373090519213
 0.3989737174286938
 0.3989737174286938
 0.3985747437112651
 0.3981761689675538
 0.3977779927985863
 0.3973802148057877
 0.3969828345909819
 0.3965858517563909
 0.3961892659046345
 0.3957930766387299
 0.3957930766387299
 0.3953972835620911
 0.3950018862785291
 0.3946068843922505
 0.3942122775078583
 0.3938180652303504
 0.39342424716512
 0.3930308229179549
 0.392637792095037
 0.3922451543029419
 0.391852909148639
 0.3914610562394904
 0.3910695951832509
 0.3906785255880676
 0.3902878470624796
 0.3898975592154171
 0.3898975592154171
 0.3895076616562017
 0.3891181539945455
 0.388729035840551
 0.3883403068047104
 0.3879519664979057
 0.3875640145314078
 0.3871764505168764
 0.3867892740663595
 0.3864024847922932
 0.3860160823075009
 0.3856300662251934
 0.3852444361589682
 0.3848591917228092
 0.3844743325310864
 0.3840898581985553
 0.3837057683403568
 0.3833220625720165
 0.3829387405094444
 0.382555801768935
 0.3821732459671661
 0.3817910727211989
 0.3814092816484777
 0.3810278723668292
 0.3806468444944624
 0.3802661976499679
 0.379885931452318
 0.3795060455208656
 0.3795060455208656
 0.3791265394753448
 0.3787474129358694
 0.3783686655229336
 0.3779902968574106
 0.3776123065605532
 0.3772346942539927
 0.3768574595597387
 0.376480602100179
 0.3761041214980788
 0.3757280173765807
 0.3753522893592042
 0.374976937069845
 0.3746019601327751
 0.3742273581726424
 0.3738531308144697
 0.3734792776836552
 0.3731057984059716
 0.3727326926075656
 0.372359959914958
 0.371987599955043
 0.371615612355088
 0.3712439967427329
 0.3708727527459902
 0.3705018799932442
 0.3701313781132509
 0.3697612467351377
 0.3697612467351377
 0.3693914854884025
 0.3690220940029141
 0.3686530719089112
 0.3686530719089112
 0.3682844188370022
 0.3679161344181652
 0.3675482182837471
 0.3671806700654633
 0.3668134893953979
 0.3664466759060025
 0.3660802292300965
 0.3657141490008664
 0.3653484348518655
 0.3649830864170137
 0.3646181033305966
 0.364253485227266
 0.3638892317420387
 0.3635253425102967
 0.3631618171677864
 0.3627986553506187
 0.3627986553506187
 0.3624358566952681
 0.3620734208385728
 0.3617113474177343
 0.3613496360703165
 0.3609882864342462
 0.3606272981478119
 0.3602666708496641
 0.3599064041788145
 0.3595464977746357
 0.359186951276861
 0.3588277643255842
 0.3584689365612586
 0.3581104676246973
 0.3577523571570726
 0.3573946047999155
 0.3570372101951156
 0.3566801729849204
 0.3563234928119355
 0.3559671693191236
 0.3556112021498045
 0.3552555909476546
 0.354900335356707
 0.3545454350213502
 0.3541908895863289
 0.3538366986967426
 0.3534828619980458
 0.3531293791360477
 0.3527762497569117
 0.3524234735071547
 0.3520710500336476
 0.3520710500336476
 0.3517189789836139
 0.3513672600046303
 0.3510158927446257
 0.3506648768518811
 0.3503142119750292
 0.3499638977630542
 0.3496139338652912
 0.3496139338652912
 0.3492643199314259
 0.3489150556114944
 0.3485661405558829
 0.348217574415327
 0.3478693568409117
 0.3475214874840708
 0.3471739659965867
