# Created by Octave 3.6.3, Mon Apr 22 16:30:19 2013 ART <champo@champos>
# name: data
# type: scalar struct
# ndims: 2
 1 1
# length: 8
# name: ETA
# type: matrix
# rows: 1501
# columns: 1
 0.3
 0.3
 0.3
 0.2997
 0.2997
 0.2994003
 0.2994003
 0.2991008997
 0.2988017988003
 0.2988017988003
 0.2988017988003
 0.3988017988003
 0.3984029970014997
 0.3984029970014997
 0.3980045940044982
 0.3976065894104936
 0.3976065894104936
 0.3972089828210831
 0.3972089828210831
 0.396811773838262
 0.3964149620644238
 0.3964149620644238
 0.3960185471023593
 0.395622528555257
 0.395622528555257
 0.3952269060267017
 0.394831679120675
 0.3944368474415543
 0.3940424105941128
 0.3936483681835187
 0.3932547198153352
 0.3928614650955198
 0.3924686036304243
 0.3920761350267939
 0.3920761350267939
 0.3916840588917671
 0.3912923748328753
 0.3909010824580424
 0.3905101813755844
 0.3905101813755844
 0.3901196711942088
 0.3901196711942088
 0.3897295515230146
 0.3897295515230146
 0.3893398219714916
 0.3893398219714916
 0.3889504821495201
 0.3885615316673706
 0.3881729701357032
 0.3877847971655675
 0.3873970123684019
 0.3873970123684019
 0.3870096153560335
 0.3866226057406775
 0.3862359831349368
 0.3858497471518019
 0.3854638974046501
 0.3854638974046501
 0.3850784335072455
 0.3846933550737382
 0.3843086617186645
 0.3839243530569458
 0.3839243530569458
 0.3835404287038888
 0.383156888275185
 0.383156888275185
 0.3827737313869098
 0.3827737313869098
 0.3823909576555229
 0.3823909576555229
 0.3820085666978674
 0.3816265581311695
 0.3812449315730383
 0.3808636866414653
 0.3804828229548238
 0.3804828229548238
 0.380102340131869
 0.3797222377917371
 0.3797222377917371
 0.3793425155539454
 0.3789631730383914
 0.3785842098653531
 0.3782056256554877
 0.3782056256554877
 0.3778274200298322
 0.3774495926098024
 0.3770721430171926
 0.3766950708741754
 0.3763183758033012
 0.3759420574274979
 0.3755661153700703
 0.3751905492547002
 0.3748153587054455
 0.3744405433467401
 0.3740661028033934
 0.37369203670059
 0.3733183446638894
 0.3729450263192255
 0.3725720812929063
 0.3721995092116134
 0.3718273097024017
 0.3718273097024017
 0.3714554823926993
 0.3710840269103066
 0.3710840269103066
 0.3707129428833963
 0.3707129428833963
 0.3703422299405129
 0.3699718877105724
 0.3696019158228618
 0.3692323139070389
 0.3692323139070389
 0.3688630815931319
 0.3688630815931319
 0.3684942185115387
 0.3684942185115387
 0.3681257242930272
 0.3677575985687342
 0.3673898409701655
 0.3670224511291953
 0.3666554286780661
 0.366288773249388
 0.3659224844761386
 0.3655565619916625
 0.3651910054296708
 0.3648258144242412
 0.3644609886098169
 0.3640965276212071
 0.3637324310935859
 0.3633686986624923
 0.3633686986624923
 0.3630053299638298
 0.362642324633866
 0.3622796823092321
 0.3619174026269229
 0.361555485224296
 0.3611939297390717
 0.3608327358093326
 0.3604719030735233
 0.3601114311704497
 0.3597513197392793
 0.3597513197392793
 0.3593915684195401
 0.3590321768511205
 0.3586731446742694
 0.3583144715295952
 0.3579561570580655
 0.3575982009010075
 0.3572406027001064
 0.3568833620974063
 0.356526478735309
 0.3561699522565737
 0.3558137823043171
 0.3554579685220128
 0.3551025105534908
 0.3547474080429373
 0.3543926606348944
 0.3540382679742595
 0.3536842297062852
 0.3533305454765789
 0.3533305454765789
 0.3529772149311023
 0.3526242377161712
 0.3526242377161712
 0.3522716134784551
 0.3519193418649766
 0.3515674225231117
 0.3512158551005886
 0.350864639245488
 0.350864639245488
 0.3505137746062425
 0.3505137746062425
 0.3501632608316362
 0.3498130975708046
 0.3494632844732338
 0.3491138211887606
 0.3487647073675718
 0.3484159426602043
 0.348067526717544
 0.3477194591908265
 0.3473717397316357
 0.347024367991904
 0.3466773436239121
 0.3463306662802882
 0.3463306662802882
 0.3459843356140079
 0.3456383512783939
 0.3452927129271155
 0.3449474202141884
 0.3446024727939742
 0.3442578703211802
 0.3439136124508591
 0.3435696988384082
 0.3432261291395698
 0.3428829030104302
 0.3425400201074198
 0.3421974800873124
 0.3418552826072251
 0.3415134273246179
 0.3411719138972932
 0.3408307419833959
 0.3404899112414125
 0.3401494213301711
 0.3401494213301711
 0.339809271908841
 0.3394694626369321
 0.3391299931742952
 0.3387908631811209
 0.3384520723179398
 0.3381136202456219
 0.3377755066253763
 0.3374377311187509
 0.3371002933876321
 0.3367631930942445
 0.3364264299011502
 0.3360900034712491
 0.3357539134677778
 0.3357539134677778
 0.33541815955431
 0.3350827413947557
 0.334747658653361
 0.3344129109947076
 0.3340784980837129
 0.3337444195856292
 0.3334106751660436
 0.3330772644908775
 0.3327441872263866
 0.3324114430391602
 0.3320790315961211
 0.331746952564525
 0.3314152056119604
 0.3310837904063484
 0.3307527066159421
 0.3304219539093262
 0.3300915319554169
 0.3297614404234614
 0.329431678983038
 0.329102247304055
 0.3287731450567509
 0.3284443719116942
 0.3281159275397825
 0.3277878116122427
 0.3274600238006304
 0.3271325637768298
 0.326805431213053
 0.3264786257818399
 0.3264786257818399
 0.3261521471560581
 0.3258259950089021
 0.3255001690138932
 0.3251746688448793
 0.3248494941760344
 0.3245246446818584
 0.3242001200371765
 0.3238759199171393
 0.3235520439972222
 0.323228491953225
 0.3229052634612718
 0.3225823581978105
 0.3222597758396127
 0.3219375160637731
 0.3216155785477093
 0.3212939629691616
 0.3209726690061924
 0.3206516963371862
 0.320331044640849
 0.3200107135962082
 0.319690702882612
 0.3193710121797294
 0.3190516411675496
 0.3187325895263821
 0.3184138569368558
 0.3180954430799189
 0.317777347636839
 0.3174595702892021
 0.3171421107189129
 0.316824968608194
 0.3165081436395858
 0.3161916354959462
 0.3158754438604502
 0.3155595684165898
 0.3152440088481732
 0.314928764839325
 0.314928764839325
 0.3146138360744856
 0.3142992222384111
 0.3139849230161727
 0.3136709380931565
 0.3136709380931565
 0.3133572671550634
 0.3130439098879083
 0.3127308659780204
 0.3127308659780204
 0.3124181351120424
 0.3121057169769303
 0.3117936112599534
 0.3114818176486935
 0.3111703358310448
 0.3108591654952138
 0.3105483063297185
 0.3102377580233888
 0.3099275202653654
 0.3096175927451
 0.3093079751523549
 0.3089986671772026
 0.3086896685100254
 0.3083809788415154
 0.3080725978626739
 0.3077645252648112
 0.3074567607395464
 0.3071493039788068
 0.306842154674828
 0.3065353125201532
 0.306228777207633
 0.3059225484304254
 0.305616625881995
 0.3053110092561129
 0.3050056982468568
 0.3047006925486099
 0.3043959918560613
 0.3040915958642053
 0.3037875042683411
 0.3034837167640727
 0.3031802330473086
 0.3028770528142613
 0.302574175761447
 0.3022716015856856
 0.3019693299840999
 0.3016673606541158
 0.3013656932934616
 0.3010643276001682
 0.300763263272568
 0.3004625000092954
 0.3001620375092861
 0.2998618754717768
 0.2995620135963051
 0.2992624515827088
 0.2989631891311261
 0.2986642259419949
 0.2983655617160529
 0.2980671961543369
 0.2977691289581826
 0.2974713598292244
 0.2971738884693952
 0.2968767145809258
 0.2965798378663448
 0.2962832580284785
 0.29598697477045
 0.2956909877956795
 0.2953952968078838
 0.295099901511076
 0.2948048016095649
 0.2945099968079554
 0.2942154868111474
 0.2939212713243363
 0.2936273500530119
 0.2933337227029589
 0.293040388980256
 0.2927473485912757
 0.2924546012426845
 0.2921621466414418
 0.2918699844948003
 0.2915781145103055
 0.2912865363957952
 0.2909952498593994
 0.2909952498593994
 0.29070425460954
 0.2904135503549304
 0.2901231368045755
 0.2898330136677709
 0.2895431806541032
 0.2892536374734491
 0.2889643838359756
 0.2886754194521396
 0.2883867440326875
 0.2880983572886548
 0.2878102589313661
 0.2875224486724348
 0.2872349262237623
 0.2869476912975386
 0.286660743606241
 0.286660743606241
 0.2863740828626348
 0.2860877087797721
 0.2860877087797721
 0.2858016210709924
 0.2855158194499214
 0.2852303036304715
 0.284945073326841
 0.2846601282535142
 0.2846601282535142
 0.2843754681252607
 0.2840910926571354
 0.2838070015644782
 0.2835231945629137
 0.2832396713683508
 0.2829564316969825
 0.2826734752652855
