# Created by Octave 3.6.3, Mon Apr 22 09:46:51 2013 ART <champo@champos>
# name: data
# type: scalar struct
# ndims: 2
 1 1
# length: 8
# name: ETA
# type: matrix
# rows: 1501
# columns: 1
 0.3
 0.3
 0.3
 0.3
 0.3
 0.4
 0.39996
 0.39996
 0.39996
 0.4999600000000001
 0.4999100040000001
 0.4999100040000001
 0.4998600129996001
 0.4998100269983001
 0.4997600459956003
 0.4997100699910008
 0.4996600989840017
 0.4996101329741033
 0.4995601719608059
 0.4995102159436098
 0.4994602649220155
 0.4994602649220155
 0.4994103188955232
 0.4993603778636337
 0.4993104418258473
 0.4992605107816647
 0.4992105847305865
 0.4991606636721135
 0.4991107476057463
 0.4990608365309857
 0.4990109304473326
 0.4989610293542879
 0.4989111332513525
 0.4988612421380273
 0.4988113560138135
 0.4987614748782122
 0.4987115987307243
 0.4986617275708513
 0.4986118613980942
 0.4985620002119543
 0.4985121440119332
 0.498462292797532
 0.4984124465682522
 0.4983626053235954
 0.498312769063063
 0.498312769063063
 0.4982629377861568
 0.4982131114923782
 0.498163290181229
 0.4981134738522108
 0.4980636625048256
 0.4980138561385751
 0.4979640547529613
 0.497914258347486
 0.4978644669216513
 0.4978146804749591
 0.4977648990069116
 0.4977151225170109
 0.4976653510047592
 0.4976155844696587
 0.4975658229112118
 0.4975160663289206
 0.4974663147222878
 0.4974165680908155
 0.4974165680908155
 0.4973668264340064
 0.4973668264340064
 0.497317089751363
 0.4972673580423879
 0.4972176313065836
 0.4972176313065836
 0.497167909543453
 0.497167909543453
 0.4971181927524986
 0.4970684809332234
 0.4970187740851301
 0.4969690722077216
 0.4969193753005008
 0.4968696833629707
 0.4968199963946344
 0.496770314394995
 0.4967206373635555
 0.4966709652998191
 0.4966212982032892
 0.4965716360734688
 0.4965716360734688
 0.4965219789098615
 0.4964723267119705
 0.4964723267119705
 0.4964226794792993
 0.4963730372113514
 0.4963233999076302
 0.4962737675676395
 0.4962241401908827
 0.4961745177768637
 0.496124900325086
 0.4960752878350535
 0.49602568030627
 0.4959760777382394
 0.4959264801304655
 0.4958768874824525
 0.4958272997937043
 0.4957777170637249
 0.4957281392920185
 0.4956785664780893
 0.4956289986214416
 0.4955794357215794
 0.4955298777780073
 0.4954803247902295
 0.4954307767577504
 0.4953812336800746
 0.4953316955567066
 0.495282162387151
 0.4952326341709123
 0.4951831109074952
 0.4951335925964045
 0.4950840792371449
 0.4950345708292211
 0.4949850673721382
 0.494935568865401
 0.4948860753085145
 0.4948365867009836
 0.4947871030423135
 0.4947376243320093
 0.4946881505695761
 0.4946386817545191
 0.4945892178863437
 0.494539758964555
 0.4944903049886586
 0.4944408559581597
 0.4943914118725639
 0.4943419727313766
 0.4942925385341035
 0.4942431092802501
 0.494193684969322
 0.4941442656008251
 0.494094851174265
 0.4940454416891475
 0.4939960371449786
 0.4939466375412642
 0.49389724287751
 0.4938478531532223
 0.493798468367907
 0.4937490885210702
 0.4936997136122181
 0.4936503436408569
 0.4936009786064928
 0.4935516185086321
 0.4935022633467813
 0.4934529131204466
 0.4934035678291345
 0.4933542274723516
 0.4933048920496044
 0.4932555615603995
 0.4932062360042434
 0.493156915380643
 0.4931075996891049
 0.4930582889291361
 0.4930089831002432
 0.4929596822019331
 0.492910386233713
 0.4928610951950896
 0.4928118090855701
 0.4927625279046615
 0.4927132516518711
 0.4926639803267059
 0.4926147139286732
 0.4925654524572804
 0.4925161959120347
 0.4924669442924435
 0.4924176975980142
 0.4923684558282544
 0.4923192189826716
 0.4922699870607734
 0.4922207600620673
 0.4921715379860611
 0.4921223208322625
 0.4920731086001793
 0.4920239012893193
 0.4919746988991904
 0.4919255014293005
 0.4918763088791576
 0.4918271212482697
 0.4917779385361448
 0.4917287607422912
 0.491679587866217
 0.4916304199074304
 0.4915812568654396
 0.4915320987397531
 0.4914829455298791
 0.4914337972353261
 0.4913846538556026
 0.491335515390217
 0.491286381838678
 0.4912372532004942
 0.4911881294751741
 0.4911390106622266
 0.4910898967611604
 0.4910407877714843
 0.4909916836927072
 0.4909425845243379
 0.4908934902658855
 0.4908444009168589
 0.4907953164767672
 0.4907462369451195
 0.490697162321425
 0.4906480926051929
 0.4905990277959323
 0.4905499678931527
 0.4905009128963634
 0.4904518628050738
 0.4904028176187933
 0.4903537773370314
 0.4903047419592977
 0.4902557114851018
 0.4902066859139533
 0.4901576652453619
 0.4901086494788373
 0.4900596386138895
 0.4900106326500281
 0.4899616315867631
 0.4899126354236044
 0.4898636441600621
 0.489814657795646
 0.4897656763298665
 0.4897166997622335
 0.4896677280922573
 0.489618761319448
 0.4895697994433161
 0.4895208424633717
 0.4894718903791254
 0.4894229431900875
 0.4893740008957685
 0.4893250634956789
 0.4892761309893294
 0.4892272033762304
 0.4891782806558928
 0.4891293628278272
 0.4890804498915444
 0.4890315418465553
 0.4889826386923706
 0.4889337404285014
 0.4888848470544586
 0.4888359585697531
 0.4887870749738961
 0.4887381962663988
 0.4886893224467721
 0.4886404535145275
 0.488591589469176
 0.4885427303102291
 0.4884938760371981
 0.4884450266495944
 0.4883961821469294
 0.4883473425287148
 0.4882985077944619
 0.4882496779436825
 0.4882008529758881
 0.4881520328905905
 0.4881032176873015
 0.4880544073655327
 0.4880056019247962
 0.4879568013646037
 0.4879080056844673
 0.4878592148838988
 0.4878104289624104
 0.4877616479195142
 0.4877128717547223
 0.4876641004675468
 0.4876153340575001
 0.4875665725240943
 0.4875178158668419
 0.4874690640852552
 0.4874203171788467
 0.4873715751471288
 0.4873228379896141
 0.4872741057058151
 0.4872253782952445
 0.487176655757415
 0.4871279380918392
 0.48707922529803
 0.4870305173755002
 0.4869818143237627
 0.4869331161423303
 0.4868844228307161
 0.486835734388433
 0.4867870508149942
 0.4867383721099127
 0.4866896982727017
 0.4866410293028745
 0.4865923651999441
 0.4865437059634242
 0.4864950515928279
 0.4864464020876686
 0.4863977574474598
 0.4863491176717151
 0.4863004827599479
 0.4862518527116719
 0.4862032275264008
 0.4861546072036481
 0.4861059917429277
 0.4860573811437535
 0.4860087754056391
 0.4859601745280985
 0.4859115785106457
 0.4858629873527947
 0.4858144010540594
 0.485765819613954
 0.4857172430319926
 0.4856686713076894
 0.4856201044405586
 0.4855715424301146
 0.4855229852758716
 0.485474432977344
 0.4854258855340463
 0.4853773429454928
 0.4853288052111983
 0.4852802723306772
 0.4852317443034442
 0.4851832211290139
 0.485134702806901
 0.4850861893366203
 0.4850376807176867
 0.4849891769496149
 0.4849406780319199
 0.4848921839641168
 0.4848436947457204
 0.4847952103762458
 0.4847467308552082
 0.4846982561821227
 0.4846497863565045
 0.4846013213778689
 0.4845528612457311
 0.4845044059596065
 0.4844559555190106
 0.4844075099234587
 0.4843590691724663
 0.4843106332655491
 0.4842622022022225
 0.4842137759820023
 0.4841653546044041
 0.4841169380689437
 0.4840685263751368
 0.4840201195224993
 0.4839717175105471
 0.483923320338796
 0.4838749280067622
 0.4838265405139615
 0.4837781578599101
 0.4837297800441241
 0.4836814070661197
 0.4836330389254131
 0.4835846756215206
 0.4835363171539585
 0.483487963522243
 0.4834396147258908
 0.4833912707644182
 0.4833429316373418
 0.4832945973441781
 0.4832462678844436
 0.4831979432576552
 0.4831496234633295
 0.4831013085009832
 0.483052998370133
 0.483004693070296
 0.482956392600989
 0.4829080969617289
 0.4828598061520327
 0.4828115201714175
 0.4827632390194004
 0.4827149626954985
 0.4826666911992289
 0.4826184245301089
 0.482570162687656
 0.4825219056713872
 0.4824736534808201
 0.482425406115472
 0.4823771635748604
 0.482328925858503
 0.4822806929659171
 0.4822324648966205
 0.4821842416501309
 0.4821360232259658
 0.4820878096236432
 0.4820396008426809
 0.4819913968825966
 0.4819431977429084
 0.4818950034231341
 0.4818468139227918
 0.4817986292413995
 0.4817504493784754
 0.4817022743335376
 0.4816541041061042
 0.4816059386956936
 0.481557778101824
 0.4815096223240138
 0.4814614713617815
 0.4814133252146453
 0.4813651838821238
