# Created by Octave 3.6.3, Mon Apr 22 10:20:35 2013 ART <champo@champos>
# name: data
# type: scalar struct
# ndims: 2
 1 1
# length: 8
# name: ETA
# type: matrix
# rows: 1501
# columns: 1
 0.3
 0.3
 0.3
 0.3
 0.3
 0.4
 0.4
 0.4
 0.5
 0.499995
 0.499995
 0.49999000005
 0.49999000005
 0.4999850001499996
 0.4999850001499996
 0.4999800002999981
 0.4999750004999952
 0.4999700007499902
 0.4999700007499902
 0.4999650010499827
 0.4999650010499827
 0.4999600013999722
 0.4999600013999722
 0.4999550017999582
 0.4999500022499402
 0.4999500022499402
 0.4999450027499178
 0.4999400032998903
 0.4999350038998573
 0.4999300045498183
 0.4999250052497728
 0.4999200059997204
 0.4999150067996604
 0.4999150067996604
 0.4999100076495924
 0.499905008549516
 0.4999000094994305
 0.4998950104993355
 0.4998900115492305
 0.4998850126491151
 0.4998800137989886
 0.4998800137989886
 0.4998750149988506
 0.4998700162487006
 0.4998650175485382
 0.4998600188983627
 0.4998550202981737
 0.4998500217479708
 0.4998450232477533
 0.4998400247975209
 0.4998350263972729
 0.4998300280470089
 0.4998250297467285
 0.4998200314964311
 0.4998150332961161
 0.4998100351457831
 0.4998050370454317
 0.4998000389950613
 0.4997950409946714
 0.4997900430442614
 0.499785045143831
 0.4997800472933796
 0.4997750494929067
 0.4997700517424118
 0.4997650540418944
 0.499760056391354
 0.4997550587907901
 0.4997500612402022
 0.4997450637395898
 0.4997400662889525
 0.4997350688882896
 0.4997300715376007
 0.4997250742368854
 0.4997200769861431
 0.4997150797853732
 0.4997100826345754
 0.4997050855337491
 0.4997000884828938
 0.499695091482009
 0.4996900945310942
 0.4996850976301489
 0.4996801007791726
 0.4996751039781648
 0.4996701072271251
 0.4996651105260528
 0.4996601138749476
 0.4996551172738088
 0.4996501207226361
 0.4996451242214289
 0.4996401277701867
 0.4996351313689091
 0.4996301350175954
 0.4996251387162453
 0.4996201424648581
 0.4996151462634335
 0.4996101501119709
 0.4996051540104698
 0.4996001579589297
 0.4995951619573502
 0.4995901660057306
 0.4995851701040706
 0.4995801742523696
 0.499575178450627
 0.4995701826988426
 0.4995651869970156
 0.4995601913451456
 0.4995551957432322
 0.4995502001912748
 0.4995452046892729
 0.499540209237226
 0.4995352138351337
 0.4995302184829953
 0.4995252231808106
 0.4995202279285788
 0.4995152327262995
 0.4995102375739723
 0.4995052424715966
 0.4995002474191719
 0.4994952524166977
 0.4994902574641735
 0.4994852625615989
 0.4994802677089733
 0.4994752729062962
 0.4994702781535672
 0.4994652834507857
 0.4994602887979512
 0.4994552941950632
 0.4994502996421213
 0.4994453051391249
 0.4994403106860735
 0.4994353162829667
 0.4994303219298039
 0.4994253276265846
 0.4994203333733083
 0.4994153391699746
 0.4994103450165829
 0.4994053509131328
 0.4994003568596237
 0.4993953628560551
 0.4993903689024266
 0.4993853749987376
 0.4993803811449876
 0.4993753873411762
 0.4993703935873028
 0.499365399883367
 0.4993604062293682
 0.4993554126253059
 0.4993504190711797
 0.499345425566989
 0.4993404321127333
 0.4993354387084122
 0.4993304453540252
 0.4993254520495716
 0.4993204587950512
 0.4993154655904632
 0.4993104724358073
 0.499305479331083
 0.4993004862762897
 0.499295493271427
 0.4992905003164943
 0.4992855074114911
 0.499280514556417
 0.4992755217512715
 0.499270528996054
 0.4992655362907641
 0.4992605436354012
 0.4992555510299648
 0.4992505584744545
 0.4992455659688698
 0.4992405735132102
 0.4992355811074751
 0.499230588751664
 0.4992255964457765
 0.4992206041898121
 0.4992156119837702
 0.4992106198276504
 0.4992056277214521
 0.4992006356651749
 0.4991956436588183
 0.4991906517023817
 0.4991856597958648
 0.4991806679392669
 0.4991756761325875
 0.4991706843758262
 0.4991656926689824
 0.4991607010120557
 0.4991557094050456
 0.4991507178479516
 0.4991457263407731
 0.4991407348835097
 0.4991357434761609
 0.4991307521187261
 0.4991257608112049
 0.4991207695535968
 0.4991157783459013
 0.4991107871881178
 0.499105796080246
 0.4991008050222852
 0.499095814014235
 0.4990908230560949
 0.4990858321478644
 0.4990808412895429
 0.4990758504811301
 0.4990708597226253
 0.4990658690140281
 0.4990608783553379
 0.4990558877465544
 0.499050897187677
 0.4990459066787051
 0.4990409162196384
 0.4990359258104762
 0.4990309354512181
 0.4990259451418636
 0.4990209548824122
 0.4990159646728634
 0.4990109745132167
 0.4990059844034716
 0.4990009943436276
 0.4989960043336842
 0.4989910143736409
 0.4989860244634972
 0.4989810346032525
 0.4989760447929065
 0.4989710550324586
 0.4989660653219083
 0.4989610756612551
 0.4989560860504986
 0.4989510964896381
 0.4989461069786732
 0.4989411175176034
 0.4989361281064283
 0.4989311387451473
 0.4989261494337598
 0.4989211601722655
 0.4989161709606638
 0.4989111817989542
 0.4989061926871363
 0.4989012036252094
 0.4988962146131732
 0.4988912256510271
 0.4988862367387706
 0.4988812478764032
 0.4988762590639245
 0.4988712703013338
 0.4988662815886308
 0.498861292925815
 0.4988563043128857
 0.4988513157498426
 0.4988463272366851
 0.4988413387734128
 0.4988363503600251
 0.4988313619965215
 0.4988263736829016
 0.4988213854191648
 0.4988163972053106
 0.4988114090413385
 0.4988064209272481
 0.4988014328630389
 0.4987964448487103
 0.4987914568842618
 0.498786468969693
 0.4987814811050033
 0.4987764932901923
 0.4987715055252594
 0.4987665178102041
 0.4987615301450261
 0.4987565425297246
 0.4987515549642993
 0.4987465674487497
 0.4987415799830753
 0.4987365925672755
 0.4987316052013498
 0.4987266178852979
 0.4987216306191191
 0.4987166434028129
 0.4987116562363789
 0.4987066691198166
 0.4987016820531254
 0.4986966950363049
 0.4986917080693546
 0.4986867211522739
 0.4986817342850624
 0.4986767474677196
 0.4986717607002449
 0.4986667739826379
 0.4986617873148981
 0.498656800697025
 0.498651814129018
 0.4986468276108768
 0.4986418411426007
 0.4986368547241893
 0.498631868355642
 0.4986268820369585
 0.4986218957681382
 0.4986169095491805
 0.4986119233800851
 0.4986069372608513
 0.4986019511914787
 0.4985969651719668
 0.4985919792023151
 0.4985869932825231
 0.4985820074125903
 0.4985770215925163
 0.4985720358223004
 0.4985670501019422
 0.4985620644314412
 0.4985570788107969
 0.4985520932400088
 0.4985471077190765
 0.4985421222479993
 0.4985371368267768
 0.4985321514554086
 0.498527166133894
 0.4985221808622327
 0.4985171956404241
 0.4985122104684677
 0.498507225346363
 0.4985022402741096
 0.4984972552517069
 0.4984922702791544
 0.4984872853564516
 0.4984823004835981
 0.4984773156605933
 0.4984723308874367
 0.4984673461641279
 0.4984623614906663
 0.4984573768670514
 0.4984523922932828
 0.4984474077693599
 0.4984424232952822
 0.4984374388710493
 0.4984324544966606
 0.4984274701721157
 0.498422485897414
 0.4984175016725551
 0.4984125174975383
 0.4984075333723634
 0.4984025492970297
 0.4983975652715367
 0.498392581295884
 0.4983875973700711
 0.4983826134940974
 0.4983776296679625
 0.4983726458916659
 0.4983676621652069
 0.4983626784885853
 0.4983576948618005
 0.4983527112848519
 0.4983477277577391
 0.4983427442804615
 0.4983377608530187
 0.4983327774754102
 0.4983277941476355
 0.498322810869694
 0.4983178276415854
 0.498312844463309
 0.4983078613348644
 0.498302878256251
 0.4982978952274685
 0.4982929122485162
 0.4982879293193938
 0.4982829464401006
 0.4982779636106362
 0.4982729808310001
 0.4982679981011918
 0.4982630154212108
 0.4982580327910566
 0.4982530502107287
 0.4982480676802267
 0.4982430851995499
 0.498238102768698
 0.4982331203876703
 0.4982281380564665
 0.498223155775086
 0.4982181735435283
 0.4982131913617929
 0.4982082092298793
 0.498203227147787
 0.4981982451155156
 0.4981932631330644
 0.4981882812004331
 0.4981832993176211
 0.498178317484628
 0.4981733357014532
 0.4981683539680962
 0.4981633722845565
 0.4981583906508337
 0.4981534090669272
 0.4981484275328366
 0.4981434460485613
 0.4981384646141008
 0.4981334832294547
 0.4981285018946224
 0.4981235206096035
 0.4981185393743974
 0.4981135581890037
 0.4981085770534218
 0.4981035959676512
 0.4980986149316916
 0.4980936339455423
