# Created by Octave 3.6.3, Mon Apr 22 08:39:20 2013 ART <champo@champos>
# name: data
# type: scalar struct
# ndims: 2
 1 1
# length: 8
# name: ETA
# type: matrix
# rows: 1500
# columns: 1
 0.3
 0.3
 0.3
 0.3
 0.3
 0.4
 0.396
 0.396
 0.39204
 0.39204
 0.39204
 0.49204
 0.4871196
 0.4871196
 0.482248404
 0.482248404
 0.47742591996
 0.47742591996
 0.4726516607604
 0.4726516607604
 0.467925144152796
 0.467925144152796
 0.463245892711268
 0.463245892711268
 0.4586134337841554
 0.4540272994463138
 0.4540272994463138
 0.4494870264518507
 0.4494870264518507
 0.4449921561873322
 0.4449921561873322
 0.4405422346254588
 0.4361368122792043
 0.4317754441564122
 0.4274576897148481
 0.4231831128176996
 0.4231831128176996
 0.4189512816895226
 0.4147617688726274
 0.4147617688726274
 0.4106141511839011
 0.4106141511839011
 0.4065080096720621
 0.4065080096720621
 0.4024429295753414
 0.398418500279588
 0.3944343152767921
 0.3944343152767921
 0.3904899721240242
 0.3904899721240242
 0.3865850724027839
 0.3827192216787561
 0.3788920294619685
 0.3751031091673488
 0.3713520780756753
 0.3713520780756753
 0.3676385572949186
 0.3639621717219694
 0.3603225500047497
 0.3567193245047022
 0.3567193245047022
 0.3531521312596552
 0.3496206099470586
 0.3496206099470586
 0.346124403847588
 0.3426631598091122
 0.3426631598091122
 0.339236528211021
 0.3358441629289108
 0.3324857212996217
 0.3291608640866254
 0.3258692554457592
 0.3258692554457592
 0.3226105628913016
 0.3193844572623886
 0.3161906126897647
 0.313028706562867
 0.3098984194972383
 0.3098984194972383
 0.3067994353022659
 0.3037314409492433
 0.3006941265397508
 0.2976871852743533
 0.2947103134216097
 0.2917632102873937
 0.2888455781845197
 0.2859571224026745
 0.2859571224026745
 0.2830975511786478
 0.2802665756668613
 0.2802665756668613
 0.2774639099101927
 0.2746892708110908
 0.2719423781029799
 0.2692229543219501
 0.2665307247787306
 0.2665307247787306
 0.2638654175309433
 0.2612267633556338
 0.2586144957220775
 0.2560283507648567
 0.2534680672572082
 0.2509333865846361
 0.2484240527187897
 0.2484240527187897
 0.2459398121916018
 0.2434804140696858
 0.241045609928989
 0.2386351538296991
 0.2362488022914021
 0.233886314268488
 0.2315474511258032
 0.2292319766145451
 0.2269396568483997
 0.2269396568483997
 0.2246702602799157
 0.2224235576771166
 0.2201993221003454
 0.2179973288793419
 0.2158173555905485
 0.213659182034643
 0.2115225902142966
 0.2094073643121536
 0.2073132906690321
 0.2052401577623418
 0.2031877561847184
 0.2031877561847184
 0.2011558786228712
 0.1991443198366425
 0.197152876638276
 0.197152876638276
 0.1951813478718933
 0.1932295343931744
 0.1912972390492426
 0.1893842666587502
 0.1874904239921627
 0.1856155197522411
 0.1856155197522411
 0.1837593645547186
 0.1819217709091714
 0.1801025532000797
 0.1783015276680789
 0.1765185123913982
 0.1747533272674842
 0.1747533272674842
 0.1730057939948093
 0.1712757360548612
 0.1695629786943126
 0.1678673489073695
 0.1661886754182958
 0.1661886754182958
 0.1645267886641128
 0.1628815207774717
 0.161252705569697
 0.161252705569697
 0.159640178514
 0.15804377672886
 0.1564633389615714
 0.1548987055719557
 0.1533497185162361
 0.1518162213310738
 0.150298059117763
 0.1487950785265854
 0.1473071277413195
 0.1458340564639063
 0.1443757158992673
 0.1429319587402746
 0.1415026391528718
 0.1400876127613431
 0.1400876127613431
 0.1386867366337297
 0.1386867366337297
 0.1372998692673924
 0.1359268705747184
 0.1345676018689713
 0.1345676018689713
 0.1332219258502816
 0.1318897065917787
 0.1305708095258609
 0.1292651014306023
 0.1292651014306023
 0.1279724504162963
 0.1266927259121333
 0.1266927259121333
 0.125425798653012
 0.125425798653012
 0.1241715406664819
 0.122929825259817
 0.1217005270072189
 0.1204835217371467
 0.1192786865197752
 0.1192786865197752
 0.1180858996545775
 0.1169050406580317
 0.1157359902514514
 0.1145786303489369
 0.1134328440454475
 0.1134328440454475
 0.112298515604993
 0.112298515604993
 0.1111755304489431
 0.1111755304489431
 0.1100637751444537
 0.1089631373930091
 0.107873506019079
 0.1067947709588882
 0.1057268232492994
 0.1046695550168064
 0.1046695550168064
 0.1036228594666383
 0.1025866308719719
 0.1015607645632522
 0.1005451569176197
 0.09953970534844347
 0.09854430829495904
 0.09854430829495904
 0.09755886521200945
 0.09658327655988935
 0.09658327655988935
 0.09561744379429046
 0.09561744379429046
 0.09466126935634755
 0.09466126935634755
 0.09371465666278408
 0.09371465666278408
 0.09277751009615624
 0.09184973499519468
 0.09184973499519468
 0.09093123764524273
 0.09093123764524273
 0.0900219252687903
 0.0900219252687903
 0.08912170601610239
 0.08912170601610239
 0.08823048895594136
 0.08823048895594136
 0.08734818406638195
 0.08647470222571813
 0.08560995520346094
 0.08560995520346094
 0.08475385565142633
 0.08475385565142633
 0.08390631709491207
 0.08390631709491207
 0.08306725392396296
 0.08306725392396296
 0.08223658138472333
 0.08223658138472333
 0.08141421557087609
 0.08141421557087609
 0.08060007341516734
 0.08060007341516734
 0.07979407268101567
 0.07899613195420552
 0.07899613195420552
 0.07820617063466347
 0.07820617063466347
 0.07742410892831683
 0.07742410892831683
 0.07664986783903366
 0.07664986783903366
 0.07588336916064332
 0.07588336916064332
 0.07512453546903688
 0.07437329011434651
 0.07362955721320305
 0.07362955721320305
 0.07289326164107102
 0.0721643290246603
 0.0714426857344137
 0.07072825887706956
 0.07002097628829886
 0.07002097628829886
 0.06932076652541587
 0.06932076652541587
 0.06862755886016171
 0.0679412832715601
 0.0679412832715601
 0.0672618704388445
 0.06658925173445605
 0.06658925173445605
 0.0659233592171115
 0.06526412562494038
 0.06461148436869098
 0.06461148436869098
 0.06396536952500406
 0.06332571582975402
 0.06332571582975402
 0.06269245867145648
 0.06269245867145648
 0.06206553408474191
 0.0614448787438945
 0.0614448787438945
 0.06083042995645555
 0.06083042995645555
 0.06022212565689099
 0.05961990440032208
 0.05961990440032208
 0.05902370535631886
 0.05902370535631886
 0.05843346830275567
 0.05784913361972811
 0.05727064228353083
 0.05669793586069553
 0.05669793586069553
 0.05613095650208857
 0
 0
 0
 0
 0
 0
 0
 0
 0
 0
 0
 0
 0
 0
 0
 0
 0
 0
 0
 0
 0
 0
 0
 0
 0
 0
 0
 0
 0
 0
 0
 0
 0
 0
 0
 0
 0
 0
 0
 0
 0
 0
 0
 0
 0
 0
 0
 0
 0
 0
 0
 0
 0
 0
 0
 0
 0
 0
 0
 0
 0
 0
 0
 0
 0
 0
 0
 0
 0
 0
 0
 0
 0
 0
 0
 0
 0
 0
 0
 0
 0
 0
 0
 0
 0
 0
 0
 0
 0
 0
 0
 0
 0
 0
 0
 0
 0
 0
 0
 0
 0
 0
 0
 0
 0
 0
 0
 0
 0
 0
 0
 0
 0
 0
 0
 0
 0
 0
 0
 0
 0
 0
 0
 0
 0
 0
 0
 0
 0
 0
 0
 0
 0
 0
 0
 0
 0
 0
 0
 0
 0
 0
 0
 0
 0
 0
 0
 0
 0
 0
 0
 0
 0
 0
 0
 0
 0
 0
 0
 0
 0
 0
 0
 0
 0
 0
 0
 0
 0
 0
 0
 0
 0
 0
 0
 0
 0
 0
 0
 0
 0
 0
 0
 0
 0
 0
 0
 0
 0
 0
 0
 0
 0
 0
 0
 0
 0
 0
 0
 0
 0
 0
 0
 0
 0
 0
 0
 0
 0
 0
 0
 0
 0
 0
 0
 0
 0
 0
 0
 0
 0
 0
 0
 0
 0
 0
 0
 0
 0
 0
 0
 0
 0
 0
 0
 0
 0
 0
 0
 0
 0
 0
 0
 0
 0
 0
 0
 0
 0
 0
 0
 0
 0
 0
 0
 0
 0
 0
 0
 0
 0
 0
 0
 0
 0
 0
 0
 0
 0
 0
 0
 0
 0
 0
 0
 0
 0
 0
 0
 0
 0
 0
 0
 0
 0
 0
 0
 0
 0
 0
 0
 0
 0
 0
 0
 0
 0
 0
 0
 0
 0
 0
 0
 0
 0
 0
 0
 0
 0
 0
 0
 0
 0
 0
 0
 0
 0
 0
 0
 0
 0
 0
 0
 0
 0
 0
 0
 0
 0
 0
 0
 0
 0
 0
 0
 0
 0
 0
 0
 0
 0
 0
 0
 0
 0
 0
 0
 0
 0
 0
 0
 0
 0
 0
 0
 0
 0
 0
 0
 0
 0
 0
 0
 0
 0
 0
 0
 0
 0
 0
 0
 0
 0
 0
 0
 0
 0
 0
 0
 0
 0
 0
 0
 0
 0
 0
 0
 0
 0
 0
 0
 0
 0
 0
 0
 0
 0
 0
 0
 0
 0
 0
 0
 0
 0
 0
 0
 0
 0
 0
 0
 0
 0
 0
 0
 0
 0
 0
 0
 0
 0
 0
 0
 0
 0
 0
 0
 0
 0
 0
 0
 0
 0
 0
 0
 0
 0
 0
 0
 0
 0
 0
 0
 0
 0
 0
 0
 0
 0
 0
 0
 0
 0
 0
 0
 0
 0
 0
 0
 0
 0
 0
 0
 0
 0
 0
 0
 0
 0
 0
 0
 0
 0
 0
 0
 0
 0
 0
 0
 0
 0
 0
 0
 0
 0
 0
 0
 0
 0
 0
 0
 0
 0
 0
 0
 0
 0
 0
 0
 0
 0
 0
 0
 0
 0
 0
 0
 0
 0
 0
 0
 0
 0
 0
 0
 0
 0
 0
 0
 0
 0
 0
 0
 0
 0
 0
 0
 0
 0
 0
 0
 0
 0
 0
 0
 0
 0
 0
 0
 0
 0
 0
 0
 0
 0
 0
 0
 0
 0
 0
 0
 0
 0
 0
 0
 0
 0
 0
 0
 0
 0
 0
 0
 0
 0
 0
 0
 0
 0
 0
 0
 0
 0
 0
 0
 0
 0
 0
 0
 0
 0
 0
 0
 0
 0
 0
 0
 0
 0
 0
 0
 0
 0
 0
 0
 0
 0
 0
 0
 0
 0
 0
 0
 0
 0
 0
 0
 0
 0
 0
 0
 0
 0
 0
