# Created by Octave 3.6.3, Mon Apr 22 12:34:57 2013 ART <champo@champos>
# name: data
# type: scalar struct
# ndims: 2
 1 1
# length: 8
# name: ETA
# type: matrix
# rows: 1501
# columns: 1
 0.3
 0.3
 0.3
 0.3
 0.3
 0.5
 0.4995
 0.4995
 0.4990005
 0.4990005
 0.4985014995
 0.4985014995
 0.4980029980005
 0.4975049950024995
 0.497007490007497
 0.4965104825174895
 0.4965104825174895
 0.4960139720349721
 0.4955179580629371
 0.4950224401048741
 0.4945274176647693
 0.4940328902471045
 0.4935388573568574
 0.4930453184995005
 0.4930453184995005
 0.492552273181001
 0.492552273181001
 0.49205972090782
 0.4915676611869122
 0.4910760935257253
 0.4905850174321996
 0.4900944324147674
 0.4900944324147674
 0.4896043379823526
 0.4891147336443702
 0.4886256189107259
 0.4881369932918151
 0.4876488562985233
 0.4871612074422248
 0.4866740462347826
 0.4861873721885478
 0.4857011848163593
 0.4852154836315429
 0.4847302681479114
 0.4842455378797634
 0.4837612923418836
 0.4832775310495417
 0.4827942535184922
 0.4823114592649737
 0.4818291478057087
 0.4818291478057087
 0.481347318657903
 0.4808659713392451
 0.4803851053679059
 0.479904720262538
 0.4794248155422755
 0.4789453907267332
 0.4784664453360065
 0.4779879788906705
 0.4775099909117798
 0.477032480920868
 0.4765554484399472
 0.4760788929915072
 0.4756028140985157
 0.4756028140985157
 0.4751272112844172
 0.4746520840731328
 0.4741774319890597
 0.4737032545570706
 0.4732295513025135
 0.472756321751211
 0.4722835654294598
 0.4718112818640303
 0.4713394705821663
 0.4708681311115842
 0.4703972629804726
 0.4699268657174921
 0.4694569388517746
 0.4689874819129228
 0.4685184944310099
 0.4680499759365789
 0.4675819259606423
 0.4671143440346817
 0.466647229690647
 0.4661805824609563
 0.4661805824609563
 0.4657144018784954
 0.4652486874766169
 0.4647834387891403
 0.4643186553503512
 0.4638543366950008
 0.4633904823583058
 0.4629270918759475
 0.4624641647840715
 0.4620017006192875
 0.4615396989186682
 0.4610781592197495
 0.4606170810605298
 0.4606170810605298
 0.4601564639794692
 0.4596963075154898
 0.4592366112079743
 0.4587773745967664
 0.4583185972221696
 0.4583185972221696
 0.4578602786249474
 0.4574024183463225
 0.4569450159279762
 0.4564880709120482
 0.4560315828411362
 0.4555755512582951
 0.4551199757070368
 0.4546648557313298
 0.4542101908755984
 0.4537559806847228
 0.4533022247040381
 0.4528489224793341
 0.4523960735568548
 0.4519436774832979
 0.4514917338058146
 0.4510402420720088
 0.4505892018299368
 0.4501386126281069
 0.4496884740154788
 0.4492387855414633
 0.4487895467559218
 0.4483407572091659
 0.4478924164519567
 0.4474445240355048
 0.4469970795114693
 0.4465500824319578
 0.4461035323495259
 0.4456574288171763
 0.4452117713883592
 0.4447665596169708
 0.4443217930573539
 0.4438774712642965
 0.4434335937930322
 0.4429901601992392
 0.44254717003904
 0.4421046228690009
 0.441662518246132
 0.4412208557278858
 0.4407796348721579
 0.4403388552372858
 0.4398985163820485
 0.4394586178656664
 0.4390191592478008
 0.4385801400885529
 0.4381415599484644
 0.4377034183885159
 0.4372657149701274
 0.4368284492551573
 0.4363916208059022
 0.4359552291850963
 0.4355192739559112
 0.4350837546819553
 0.4346486709272733
 0.434214022256346
 0.434214022256346
 0.4337798082340897
 0.4333460284258556
 0.4329126823974297
 0.4324797697150323
 0.4320472899453172
 0.4316152426553719
 0.4316152426553719
 0.4311836274127165
 0.4307524437853038
 0.4303216913415184
 0.4298913696501769
 0.4294614782805268
 0.4290320168022462
 0.428602984785444
 0.4281743818006586
 0.4277462074188579
 0.4273184612114391
 0.4268911427502277
 0.4264642516074774
 0.4260377873558699
 0.4256117495685141
 0.4251861378189455
 0.4247609516811266
 0.4243361907294455
 0.423911854538716
 0.4234879426841773
 0.4230644547414931
 0.4226413902867516
 0.4222187488964649
 0.4217965301475684
 0.4217965301475684
 0.4213747336174208
 0.4209533588838034
 0.4205324055249196
 0.4201118731193947
 0.4201118731193947
 0.4196917612462753
 0.419272069485029
 0.4188527974155439
 0.4184339446181284
 0.4180155106735103
 0.4175974951628368
 0.4171798976676739
 0.4167627177700063
 0.4163459550522363
 0.415929609097184
 0.4155136794880868
 0.4150981658085987
 0.4146830676427901
 0.4142683845751473
 0.4138541161905722
 0.4134402620743816
 0.4130268218123072
 0.4126137949904949
 0.4122011811955044
 0.4117889800143089
 0.4113771910342946
 0.4109658138432603
 0.4105548480294171
 0.4101442931813876
 0.4097341488882063
 0.409324414739318
 0.4089150903245787
 0.4085061752342541
 0.4080976690590198
 0.4076895713899608
 0.4072818818185708
 0.4068745999367523
 0.4064677253368155
 0.4060612576114787
 0.4056551963538672
 0.4052495411575133
 0.4048442916163558
 0.4044394473247395
 0.4040350078774147
 0.4036309728695373
 0.4036309728695373
 0.4032273418966678
 0.4028241145547711
 0.4024212904402163
 0.4020188691497761
 0.4016168502806263
 0.4012152334303457
 0.4008140181969154
 0.4004132041787185
 0.4000127909745397
 0.3996127781835652
 0.3992131654053817
 0.3988139522399763
 0.3984151382877363
 0.3980167231494486
 0.3976187064262992
 0.3972210877198729
 0.396823866632153
 0.3964270427655208
 0.3960306157227553
 0.3956345851070325
 0.3952389505219255
 0.3948437115714036
 0.3944488678598322
 0.3944488678598322
 0.3940544189919724
 0.3936603645729804
 0.3932667042084074
 0.392873437504199
 0.3924805640666947
 0.392088083502628
 0.3916959954191254
 0.3913042994237063
 0.3909129951242826
 0.3905220821291583
 0.3901315600470292
 0.3897414284869822
 0.3893516870584952
 0.3889623353714367
 0.3885733730360653
 0.3881847996630292
 0.3877966148633662
 0.3874088182485028
 0.3870214094302543
 0.3866343880208241
 0.3862477536328032
 0.3858615058791704
 0.3854756443732912
 0.3850901687289179
 0.384705078560189
 0.3843203734816288
 0.3839360531081472
 0.3835521170550391
 0.383168564937984
 0.382785396373046
 0.382402610976673
 0.3820202083656963
 0.3816381881573306
 0.3812565499691733
 0.3808752934192041
 0.3804944181257849
 0.3801139237076592
 0.3797338097839515
 0.3793540759741675
 0.3789747218981934
 0.3785957471762952
 0.3782171514291189
 0.3778389342776898
 0.3774610953434121
 0.3770836342480687
 0.3767065506138206
 0.3763298440632068
 0.3759535142191436
 0.3755775607049244
 0.3752019831442195
 0.3748267811610753
 0.3744519543799142
 0.3740775024255343
 0.3737034249231088
 0.3733297214981857
 0.3729563917766875
 0.3725834353849108
 0.3722108519495259
 0.3718386410975763
 0.3718386410975763
 0.3714668024564787
 0.3710953356540223
 0.3707242403183682
 0.3703535160780498
 0.3699831625619718
 0.3696131793994098
 0.3692435662200104
 0.3688743226537903
 0.3685054483311365
 0.3681369428828054
 0.3677688059399226
 0.3674010371339827
 0.3670336360968487
 0.3666666024607518
 0.3662999358582911
 0.3659336359224328
 0.3655677022865104
 0.3652021345842238
 0.3648369324496396
 0.36447209551719
 0.3641076234216727
 0.3637435157982511
 0.3633797722824528
 0.3630163925101704
 0.3626533761176602
 0.3622907227415425
 0.361928432018801
 0.3615665035867822
 0.3612049370831954
 0.3608437321461122
 0.3604828884139661
 0.3601224055255521
 0.3597622831200266
 0.3597622831200266
 0.3594025208369065
 0.3590431183160697
 0.3586840751977536
 0.3583253911225558
 0.3579670657314333
 0.3576090986657018
 0.3572514895670361
 0.3568942380774691
 0.3565373438393916
 0.3561808064955522
 0.3558246256890567
 0.3554688010633676
 0.3551133322623042
 0.3547582189300419
 0.3544034607111119
 0.3540490572504008
 0.3536950081931504
 0.3533413131849572
 0.3529879718717722
 0.3526349838999004
 0.3522823489160005
 0.3519300665670845
 0.3515781365005174
 0.3512265583640169
 0.3508753318056529
 0.3505244564738473
 0.3501739320173735
 0.3498237580853561
 0.3494739343272708
 0.3491244603929435
 0.3487753359325506
 0.348426560596618
 0.3480781340360214
 0.3477300559019854
 0.3473823258460834
 0.3470349435202373
 0.3466879085767171
 0.3463412206681403
 0.3459948794474722
 0.3456488845680247
 0.3453032356834567
 0.3449579324477733
 0.3446129745153255
 0.3442683615408102
