# Created by Octave 3.6.3, Mon Apr 22 11:27:41 2013 ART <champo@champos>
# name: data
# type: scalar struct
# ndims: 2
 1 1
# length: 8
# name: ETA
# type: matrix
# rows: 1501
# columns: 1
 0.3
 0.3
 0.3
 0.3
 0.3
 0.4
 0.3996
 0.3996
 0.3992004
 0.3992004
 0.3988011996
 0.3984023984004
 0.3980039960019996
 0.3976059920059976
 0.3972083860139916
 0.3968111776279776
 0.3964143664503497
 0.3960179520838993
 0.3956219341318155
 0.3952263121976836
 0.3948310858854859
 0.3944362547996004
 0.3940418185448008
 0.393647776726256
 0.3932541289495298
 0.3928608748205802
 0.3924680139457596
 0.3920755459318139
 0.3916834703858821
 0.3912917869154962
 0.3909004951285807
 0.3905095946334521
 0.3901190850388187
 0.3897289659537799
 0.3893392369878261
 0.3889498977508383
 0.3885609478530874
 0.3881723869052343
 0.3877842145183291
 0.3873964303038107
 0.3870090338735069
 0.3866220248396334
 0.3862354028147937
 0.3858491674119789
 0.385463318244567
 0.3850778549263224
 0.3846927770713961
 0.3843080842943247
 0.3839237762100304
 0.3835398524338203
 0.3831563125813865
 0.3827731562688051
 0.3823903831125363
 0.3820079927294238
 0.3816259847366943
 0.3812443587519577
 0.3808631143932057
 0.3804822512788125
 0.3801017690275337
 0.3797216672585061
 0.3793419455912476
 0.3789626036456564
 0.3785836410420107
 0.3782050574009687
 0.3778268523435677
 0.3774490254912242
 0.3770715764657329
 0.3766945048892672
 0.3763178103843779
 0.3759414925739936
 0.3755655510814196
 0.3751899855303382
 0.3748147955448078
 0.374439980749263
 0.3740655407685138
 0.3736914752277453
 0.3733177837525175
 0.372944465968765
 0.3725715215027963
 0.3721989499812935
 0.3718267510313122
 0.3714549242802809
 0.3710834693560006
 0.3707123858866446
 0.370341673500758
 0.3699713318272572
 0.36960136049543
 0.3692317591349346
 0.3688625273757996
 0.3684936648484238
 0.3681251711835754
 0.3677570460123918
 0.3673892889663795
 0.3670218996774131
 0.3666548777777356
 0.3662882228999579
 0.3659219346770579
 0.3655560127423809
 0.3651904567296385
 0.3648252662729088
 0.3644604410066359
 0.3640959805656293
 0.3637318845850637
 0.3633681527004786
 0.3630047845477781
 0.3626417797632304
 0.3622791379834671
 0.3619168588454836
 0.3615549419866382
 0.3611933870446515
 0.3608321936576069
 0.3604713614639493
 0.3601108901024853
 0.3597507792123829
 0.3593910284331704
 0.3590316374047373
 0.3586726057673325
 0.3583139331615652
 0.3579556192284036
 0.3575976636091752
 0.3572400659455661
 0.3568828258796205
 0.3565259430537409
 0.3561694171106871
 0.3558132476935764
 0.3554574344458828
 0.355101977011437
 0.3547468750344255
 0.3543921281593911
 0.3540377360312317
 0.3536836982952005
 0.3533300145969053
 0.3529766845823084
 0.3526237078977261
 0.3522710841898283
 0.3519188131056385
 0.3515668942925328
 0.3512153273982403
 0.3508641120708421
 0.3505132479587712
 0.3501627347108124
 0.3498125719761016
 0.3494627594041255
 0.3491132966447214
 0.3487641833480767
 0.3484154191647286
 0.3480670037455639
 0.3477189367418183
 0.3473712178050765
 0.3470238465872714
 0.3466768227406842
 0.3463301459179435
 0.3459838157720255
 0.3456378319562535
 0.3452921941242973
 0.344946901930173
 0.3446019550282428
 0.3442573530732146
 0.3439130957201414
 0.3435691826244213
 0.3432256134417969
 0.3428823878283551
 0.3425395054405267
 0.3421969659350861
 0.3418547689691511
 0.3415129142001819
 0.3411714012859817
 0.3408302298846957
 0.3404893996548111
 0.3401489102551563
 0.3398087613449011
 0.3394689525835562
 0.3391294836309726
 0.3387903541473417
 0.3384515637931943
 0.3381131122294011
 0.3377749991171717
 0.3374372241180545
 0.3370997868939364
 0.3367626871070425
 0.3364259244199355
 0.3360894984955155
 0.33575340899702
 0.335417655588023
 0.335082237932435
 0.3347471556945025
 0.334412408538808
 0.3340779961302692
 0.333743918134139
 0.3334101742160048
 0.3330767640417888
 0.3327436872777471
 0.3324109435904693
 0.3320785326468788
 0.3317464541142319
 0.3314147076601177
 0.3310832929524576
 0.3307522096595051
 0.3304214574498456
 0.3300910359923958
 0.3297609449564034
 0.329431184011447
 0.3291017528274355
 0.3287726510746081
 0.3284438784235335
 0.32811543454511
 0.3277873191105649
 0.3274595317914544
 0.3271320722596629
 0.3268049401874032
 0.3264781352472159
 0.3261516571119686
 0.3258255054548567
 0.3254996799494018
 0.3251741802694524
 0.324849006089183
 0.3245241570830938
 0.3241996329260107
 0.3238754332930847
 0.3235515578597916
 0.3232280063019318
 0.3229047782956299
 0.3225818735173342
 0.3222592916438169
 0.3219370323521731
 0.3216150953198209
 0.3212934802245011
 0.3209721867442766
 0.3206512145575323
 0.3203305633429748
 0.3200102327796318
 0.3196902225468522
 0.3193705323243053
 0.3190511617919811
 0.3187321106301891
 0.3184133785195589
 0.3180949651410393
 0.3177768701758983
 0.3174590933057224
 0.3171416342124166
 0.3168244925782042
 0.316507668085626
 0.3161911604175404
 0.3158749692571229
 0.3155590942878658
 0.3152435351935779
 0.3149282916583843
 0.3146133633667259
 0.3142987500033592
 0.3139844512533558
 0.3136704668021024
 0.3133567963353003
 0.313043439538965
 0.312730396099426
 0.3124176657033266
 0.3121052480376233
 0.3117931427895857
 0.3114813496467961
 0.3111698682971493
 0.3108586984288522
 0.3105478397304233
 0.3102372918906929
 0.3099270545988022
 0.3096171275442034
 0.3093075104166592
 0.3089982029062426
 0.3086892047033363
 0.308380515498633
 0.3080721349831343
 0.3077640628481512
 0.3074562987853031
 0.3071488424865177
 0.3068416936440312
 0.3065348519503872
 0.3062283170984368
 0.3059220887813384
 0.3056161666925571
 0.3053105505258645
 0.3050052399753387
 0.3047002347353633
 0.304395534500628
 0.3040911389661273
 0.3037870478271612
 0.303483260779334
 0.3031797775185547
 0.3028765977410361
 0.3025737211432951
 0.3022711474221518
 0.3019688762747297
 0.301666907398455
 0.3013652404910565
 0.3010638752505654
 0.3007628113753149
 0.3004620485639395
 0.3001615865153756
 0.2998614249288603
 0.2995615635039314
 0.2992620019404275
 0.298962739938487
 0.2986637771985485
 0.29836511342135
 0.2980667483079286
 0.2977686815596207
 0.2974709128780611
 0.297173441965183
 0.2968762685232179
 0.2965793922546947
 0.29628281286244
 0.2959865300495775
 0.2956905435195279
 0.2953948529760084
 0.2950994581230324
 0.2948043586649093
 0.2945095543062444
 0.2942150447519382
 0.2939208297071862
 0.2936269088774791
 0.2933332819686016
 0.293039948686633
 0.2927469087379463
 0.2924541618292084
 0.2921617076673792
 0.2918695459597118
 0.2915776764137521
 0.2912860987373384
 0.290994812638601
 0.2907038178259624
 0.2904131140081364
 0.2901227008941283
 0.2898325781932342
 0.2895427456150409
 0.2892532028694259
 0.2889639496665564
 0.2886749857168899
 0.288386310731173
 0.2880979244204418
 0.2878098264960214
 0.2875220166695254
 0.2872344946528558
 0.286947260158203
 0.2866603128980448
 0.2863736525851467
 0.2860872789325616
 0.285801191653629
 0.2855153904619754
 0.2852298750715135
 0.284944645196442
 0.2846597005512455
 0.2843750408506943
 0.2840906658098435
 0.2838065751440337
 0.2835227685688896
 0.2832392458003207
 0.2829560065545204
 0.2826730505479659
 0.2823903774974179
 0.2821079871199205
 0.2818258791328005
 0.2815440532536678
 0.2812625092004141
 0.2809812466912137
 0.2807002654445225
 0.280419565179078
 0.2801391456138989
 0.2798590064682849
 0.2795791474618167
 0.2792995683143549
 0.2790202687460405
 0.2787412484772945
 0.2784625072288172
 0.2781840447215884
 0.2779058606768668
 0.2776279548161899
 0.2773503268613737
 0.2770729765345123
 0.2767959035579778
 0.2765191076544198
 0.2762425885467654
 0.2759663459582187
 0.2756903796122604
 0.2754146892326482
 0.2751392745434155
 0.2748641352688721
 0.2745892711336032
 0.2743146818624696
 0.2740403671806071
 0.2737663268134266
 0.2734925604866131
 0.2732190679261265
 0.2729458488582004
 0.2726729030093423
 0.2724002301063329
 0.2721278298762266
 0.2718557020463503
 0.271583846344304
 0.2713122624979597
 0.2710409502354618
 0.2707699092852263
 0.2704991393759411
