# Created by Octave 3.6.3, Mon Apr 22 12:01:18 2013 ART <champo@champos>
# name: data
# type: scalar struct
# ndims: 2
 1 1
# length: 8
# name: ETA
# type: matrix
# rows: 1501
# columns: 1
 0.3
 0.3
 0.3
 0.3
 0.2997
 0.2997
 0.2994003
 0.2994003
 0.2991008997
 0.2991008997
 0.2988017988003
 0.2985029970014997
 0.2985029970014997
 0.2982044940044982
 0.2979062895104937
 0.2976083832209832
 0.2973107748377622
 0.2970134640629245
 0.2967164505988616
 0.2964197341482627
 0.2961233144141144
 0.2958271910997003
 0.2955313639086006
 0.295235832544692
 0.2949405967121473
 0.2949405967121473
 0.2946456561154352
 0.2943510104593198
 0.2940566594488604
 0.2937626027894116
 0.2934688401866222
 0.2931753713464356
 0.2928821959750891
 0.2925893137791141
 0.2922967244653349
 0.2920044277408696
 0.2920044277408696
 0.2917124233131287
 0.2914207108898156
 0.2911292901789258
 0.2908381608887469
 0.2905473227278581
 0.2902567754051302
 0.2899665186297251
 0.2896765521110954
 0.2893868755589843
 0.2890974886834253
 0.2888083911947419
 0.2885195828035472
 0.2882310632207436
 0.2879428321575229
 0.2876548893253653
 0.28736723443604
 0.2870798672016039
 0.2867927873344023
 0.2865059945470679
 0.2862194885525208
 0.2859332690639683
 0.2856473357949044
 0.2853616884591095
 0.2850763267706504
 0.2847912504438797
 0.2845064591934358
 0.2842219527342424
 0.2839377307815081
 0.2836537930507266
 0.2833701392576759
 0.2833701392576759
 0.2830867691184182
 0.2828036823492998
 0.2825208786669505
 0.2825208786669505
 0.2822383577882836
 0.2819561194304953
 0.2816741633110648
 0.2813924891477538
 0.281111096658606
 0.2808299855619474
 0.2805491555763854
 0.280268606420809
 0.2799883378143882
 0.2797083494765738
 0.2794286411270973
 0.2791492124859701
 0.2788700632734842
 0.2785911932102107
 0.2783126020170005
 0.2780342894149835
 0.2777562551255685
 0.277478498870443
 0.2772010203715725
 0.2772010203715725
 0.2769238193512009
 0.2766468955318497
 0.2766468955318497
 0.2763702486363179
 0.2760938783876816
 0.2758177845092939
 0.2755419667247846
 0.2752664247580598
 0.2749911583333017
 0.2747161671749684
 0.2744414510077935
 0.2741670095567857
 0.2738928425472289
 0.2736189497046816
 0.273345330754977
 0.273071985424222
 0.2727989134387978
 0.272526114525359
 0.2722535884108336
 0.2719813348224228
 0.2717093534876004
 0.2714376441341128
 0.2711662064899787
 0.2708950402834887
 0.2706241452432052
 0.270353521097962
 0.2700831675768641
 0.2698130844092872
 0.2695432713248779
 0.269273728053553
 0.2690044543254995
 0.268735449871174
 0.2684667144213028
 0.2681982477068815
 0.2679300494591746
 0.2676621194097154
 0.2673944572903057
 0.2671270628330154
 0.2668599357701824
 0.2665930758344122
 0.2663264827585778
 0.2660601562758192
 0.2657940961195434
 0.2655283020234238
 0.2652627737214004
 0.264997510947679
 0.2647325134367313
 0.2644677809232946
 0.2642033131423713
 0.2639391098292289
 0.2636751707193997
 0.2636751707193997
 0.2634114955486803
 0.2631480840531316
 0.2628849359690784
 0.2626220510331093
 0.2623594289820762
 0.2620970695530941
 0.261834972483541
 0.2615731375110575
 0.2613115643735464
 0.2610502528091729
 0.2607892025563637
 0.2605284133538074
 0.2602678849404536
 0.2600076170555131
 0.2597476094384576
 0.2594878618290191
 0.2592283739671901
 0.2592283739671901
 0.2589691455932229
 0.2587101764476297
 0.2584514662711821
 0.2581930148049109
 0.257934821790106
 0.2576768869683159
 0.2576768869683159
 0.2574192100813476
 0.2571617908712663
 0.256904629080395
 0.2566477244513146
 0.2563910767268633
 0.2561346856501364
 0.2558785509644863
 0.2556226724135218
 0.2553670497411083
 0.2551116826913672
 0.2548565710086758
 0.2546017144376672
 0.2543471127232295
 0.2543471127232295
 0.2540927656105063
 0.2538386728448958
 0.2535848341720509
 0.2533312493378789
 0.253077918088541
 0.2528248401704525
 0.252572015330282
 0.2523194433149517
 0.2520671238716368
 0.2518150567477651
 0.2515632416910173
 0.2513116784493263
 0.251060366770877
 0.2508093064041061
 0.2505584970977021
 0.2503079386006044
 0.2500576306620038
 0.2498075730313418
 0.2495577654583104
 0.2493082076928521
 0.2490588994851593
 0.2488098405856741
 0.2485610307450885
 0.2483124697143434
 0.248064157244629
 0.248064157244629
 0.2478160930873844
 0.247568276994297
 0.2473207087173027
 0.2470733880085854
 0.2468263146205768
 0.2465794883059562
 0.2463329088176503
 0.2460865759088326
 0.2458404893329238
 0.2458404893329238
 0.2455946488435909
 0.2453490541947473
 0.2451037051405526
 0.2451037051405526
 0.244858601435412
 0.2446137428339766
 0.2443691290911426
 0.2441247599620515
 0.2438806352020894
 0.2436367545668874
 0.2433931178123205
 0.2431497246945081
 0.2429065749698136
 0.2426636683948438
 0.242421004726449
 0.2421785837217225
 0.2419364051380008
 0.2416944687328628
 0.2416944687328628
 0.2414527742641299
 0.2412113214898658
 0.2409701101683759
 0.2407291400582076
 0.2404884109181493
 0.2402479225072312
 0.240007674584724
 0.2397676669101392
 0.2395278992432291
 0.2392883713439859
 0.2390490829726419
 0.2388100338896692
 0.2385712238557796
 0.2383326526319238
 0.2380943199792918
 0.2378562256593126
 0.2376183694336532
 0.2373807510642196
 0.2371433703131554
 0.2369062269428422
 0.2366693207158994
 0.2364326513951835
 0.2361962187437883
 0.2359600225250445
 0.2357240625025195
 0.2354883384400169
 0.2352528501015769
 0.2350175972514754
 0.2347825796542239
 0.2345477970745697
 0.2343132492774951
 0.2340789360282176
 0.2338448570921894
 0.2336110122350972
 0.2336110122350972
 0.2333774012228621
 0.2331440238216392
 0.2329108797978176
 0.2326779689180198
 0.2324452909491017
 0.2322128456581526
 0.2319806328124945
 0.231748652179682
 0.2315169035275023
 0.2315169035275023
 0.2312853866239748
 0.2310541012373508
 0.2308230471361135
 0.2305922240889774
 0.2303616318648884
 0.2301312702330235
 0.2299011389627905
 0.2296712378238277
 0.2294415665860039
 0.2292121250194179
 0.2289829128943985
 0.2289829128943985
 0.2287539299815041
 0.2285251760515226
 0.228296650875471
 0.2280683542245956
 0.227840285870371
 0.2276124455845006
 0.2273848331389161
 0.2271574483057772
 0.2269302908574714
 0.2267033605666139
 0.2264766572060473
 0.2262501805488413
 0.2260239303682924
 0.2257979064379241
 0.2255721085314862
 0.2253465364229547
 0.2251211898865318
 0.2248960686966452
 0.2246711726279486
 0.2244465014553206
 0.2242220549538653
 0.2239978328989115
 0.2237738350660125
 0.2235500612309465
 0.2233265111697156
 0.2231031846585459
 0.2228800814738873
 0.2226572013924134
 0.222434544191021
 0.22221210964683
 0.22221210964683
 0.2219898975371832
 0.2219898975371832
 0.221767907639646
 0.2215461397320063
 0.2213245935922744
 0.2211032689986821
 0.2208821657296834
 0.2206612835639537
 0.2204406222803897
 0.2202201816581094
 0.2199999614764513
 0.2197799615149748
 0.2195601815534598
 0.2193406213719064
 0.2191212807505345
 0.2189021594697839
 0.2186832573103142
 0.2184645740530038
 0.2182461094789508
 0.2180278633694719
 0.2178098355061024
 0.2175920256705963
 0.2173744336449257
 0.2171570592112808
 0.2169399021520695
 0.2167229622499175
 0.2165062392876675
 0.2162897330483799
 0.2160734433153315
 0.2158573698720161
 0.2156415125021441
 0.215425870989642
 0.2152104451186524
 0.2149952346735337
 0.2147802394388602
 0.2145654591994213
 0.2145654591994213
 0.2143508937402219
 0.2141365428464817
 0.2139224063036352
 0.2137084838973315
 0.2134947754134342
 0.2132812806380208
 0.2130679993573828
 0.2128549313580254
 0.2126420764266674
 0.2124294343502407
 0.2122170049158905
 0.2120047879109746
 0.2117927831230636
 0.2117927831230636
 0.2115809903399405
 0.2113694093496006
 0.211158039940251
 0.211158039940251
 0.2109468819003107
 0.2107359350184104
 0.2107359350184104
 0.210525199083392
 0.2103146738843086
 0.2101043592104243
 0.2098942548512139
 0.2096843605963627
 0.2094746762357663
 0.2092652015595305
 0.209055936357971
 0.208846880421613
 0.208846880421613
 0.2086380335411914
 0.2084293955076502
 0.2082209661121426
 0.2080127451460304
