# Created by Octave 3.6.3, Mon Apr 22 13:42:16 2013 ART <champo@champos>
# name: data
# type: scalar struct
# ndims: 2
 1 1
# length: 8
# name: ETA
# type: matrix
# rows: 1501
# columns: 1
 0.3
 0.3
 0.3
 0.2997
 0.2997
 0.2994003
 0.2991008997
 0.2988017988003
 0.2985029970014997
 0.2982044940044982
 0.2982044940044982
 0.2979062895104937
 0.2976083832209832
 0.2973107748377622
 0.2970134640629245
 0.2967164505988616
 0.2967164505988616
 0.2964197341482627
 0.2964197341482627
 0.3964197341482627
 0.3960233144141144
 0.3960233144141144
 0.3956272910997003
 0.3952316638086006
 0.3952316638086006
 0.394836432144792
 0.3944415957126472
 0.3944415957126472
 0.3940471541169345
 0.3940471541169345
 0.3936531069628176
 0.3932594538558548
 0.3932594538558548
 0.3928661944019989
 0.3924733282075969
 0.3920808548793893
 0.3916887740245099
 0.3912970852504854
 0.3909057881652349
 0.3905148823770697
 0.3901243674946926
 0.3897342431271979
 0.3893445088840707
 0.3889551643751866
 0.3889551643751866
 0.3885662092108114
 0.3881776430016006
 0.387789465358599
 0.3874016758932404
 0.3870142742173472
 0.3866272599431299
 0.3862406326831867
 0.3858543920505035
 0.385468537658453
 0.3850830691207945
 0.3846979860516738
 0.3843132880656221
 0.3839289747775565
 0.3835450458027789
 0.3831615007569761
 0.3827783392562192
 0.382395560916963
 0.382013165356046
 0.38163115219069
 0.3812495210384993
 0.3808682715174608
 0.3804874032459433
 0.3801069158426974
 0.3797268089268547
 0.3793470821179279
 0.3789677350358099
 0.3789677350358099
 0.3785887673007741
 0.3782101785334733
 0.3778319683549399
 0.3774541363865849
 0.3770766822501984
 0.3766996055679482
 0.3763229059623802
 0.3759465830564178
 0.3755706364733614
 0.3751950658368881
 0.3751950658368881
 0.3748198707710512
 0.3744450509002801
 0.3740706058493798
 0.3736965352435305
 0.3733228387082869
 0.3729495158695786
 0.3725765663537091
 0.3722039897873554
 0.371831785797568
 0.3714599540117704
 0.3710884940577586
 0.3707174055637009
 0.3703466881581371
 0.369976341469979
 0.369606365128509
 0.3692367587633805
 0.3688675220046171
 0.3684986544826125
 0.3681301558281299
 0.3677620256723018
 0.3673942636466295
 0.3673942636466295
 0.3670268693829828
 0.3666598425135998
 0.3662931826710862
 0.3659268894884152
 0.3655609625989268
 0.3651954016363279
 0.3648302062346915
 0.3644653760284569
 0.3641009106524284
 0.363736809741776
 0.3633730729320342
 0.3630096998591021
 0.3626466901592431
 0.3622840434690838
 0.3619217594256147
 0.3615598376661891
 0.3611982778285229
 0.3608370795506944
 0.3604762424711437
 0.3601157662286725
 0.3597556504624438
 0.3593958948119814
 0.3590364989171694
 0.3586774624182523
 0.358318784955834
 0.3579604661708782
 0.3576025057047073
 0.3572449031990026
 0.3568876582958036
 0.3565307706375078
 0.3561742398668703
 0.3558180656270034
 0.3554622475613764
 0.355106785313815
 0.3547516785285012
 0.3543969268499727
 0.3540425299231227
 0.3536884873931996
 0.3533347989058064
 0.3529814641069006
 0.3526284826427937
 0.3522758541601509
 0.3519235783059908
 0.3515716547276848
 0.3512200830729571
 0.3508688629898841
 0.3505179941268942
 0.3501674761327673
 0.3498173086566346
 0.3494674913479779
 0.34911802385663
 0.3487689058327734
 0.3484201369269406
 0.3480717167900136
 0.3477236450732236
 0.3473759214281504
 0.3470285455067222
 0.3466815169612155
 0.3463348354442543
 0.34598850060881
 0.3456425121082012
 0.345296869596093
 0.3449515727264969
 0.3446066211537704
 0.3442620145326166
 0.343917752518084
 0.343917752518084
 0.3435738347655659
 0.3432302609308003
 0.3428870306698695
 0.3425441436391997
 0.3422015994955604
 0.3418593978960649
 0.3415175384981688
 0.3415175384981688
 0.3411760209596707
 0.340834844938711
 0.340834844938711
 0.3404940100937723
 0.3401535160836786
 0.3398133625675949
 0.3394735492050273
 0.3391340756558222
 0.3387949415801664
 0.3384561466385862
 0.3381176904919476
 0.3377795728014557
 0.3374417932286542
 0.3371043514354256
 0.3367672470839901
 0.3364304798369062
 0.3360940493570693
 0.3357579553077122
 0.3354221973524045
 0.3350867751550521
 0.334751688379897
 0.3344169366915172
 0.3340825197548257
 0.3337484372350709
 0.3334146887978358
 0.333081274109038
 0.332748192834929
 0.332415444642094
 0.332083029197452
 0.3317509461682545
 0.3314191952220862
 0.3310877760268642
 0.3307566882508373
 0.3304259315625865
 0.3300955056310239
 0.3297654101253929
 0.3294356447152675
 0.3291062090705522
 0.3287771028614817
 0.3284483257586202
 0.3281198774328615
 0.3277917575554287
 0.3274639657978732
 0.3274639657978732
 0.3271365018320754
 0.3268093653302433
 0.326482555964913
 0.3261560734089481
 0.3258299173355392
 0.3255040874182036
 0.3251785833307854
 0.3248534047474546
 0.3248534047474546
 0.3245285513427071
 0.3242040227913645
 0.3238798187685731
 0.3238798187685731
 0.3235559389498045
 0.3232323830108547
 0.3229091506278439
 0.322586241477216
 0.3222636552357388
 0.3219413915805031
 0.3216194501889226
 0.3212978307387336
 0.3209765329079949
 0.3206555563750869
 0.3203349008187119
 0.3200145659178931
 0.3196945513519752
 0.3193748568006232
 0.3190554819438226
 0.3187364264618788
 0.3187364264618788
 0.3184176900354169
 0.3180992723453815
 0.3177811730730361
 0.3174633918999631
 0.3171459285080631
 0.316828782579555
 0.3165119537969755
 0.3161954418431785
 0.3158792464013354
 0.315563367154934
 0.3152478037877791
 0.3149325559839913
 0.3146176234280073
 0.3143030058045793
 0.3139887027987747
 0.313674714095976
 0.31336103938188
 0.3130476783424981
 0.3127346306641556
 0.3124218960334914
 0.3121094741374579
 0.3117973646633205
 0.3114855672986572
 0.3111740817313585
 0.3108629076496272
 0.3105520447419775
 0.3102414926972356
 0.3099312512045383
 0.3096213199533338
 0.3093116986333804
 0.309002386934747
 0.3086933845478123
 0.3083846911632644
 0.3080763064721012
 0.307768230165629
 0.3074604619354634
 0.3071530014735279
 0.3068458484720544
 0.3065390026235823
 0.3062324636209587
 0.3059262311573378
 0.3056203049261805
 0.3053146846212543
 0.305009369936633
 0.3047043605666964
 0.3043996562061297
 0.3040952565499235
 0.3037911612933736
 0.3037911612933736
 0.3034873701320803
 0.3031838827619482
 0.3028806988791862
 0.302577818180307
 0.3022752403621267
 0.3019729651217646
 0.3016709921566428
 0.3013693211644862
 0.3010679518433217
 0.3007668838914784
 0.3004661170075869
 0.3001656508905793
 0.2998654852396888
 0.2995656197544491
 0.2992660541346946
 0.2989667880805599
 0.2989667880805599
 0.2986678212924793
 0.2983691534711869
 0.2980707843177157
 0.297772713533398
 0.2974749408198646
 0.2971774658790447
 0.2968802884131657
 0.2965834081247525
 0.2962868247166277
 0.2959905378919111
 0.2956945473540192
 0.2953988528066652
 0.2951034539538585
 0.2948083504999047
 0.2945135421494048
 0.2942190286072554
 0.2939248095786481
 0.2936308847690695
 0.2936308847690695
 0.2933372538843004
 0.2930439166304161
 0.2927508727137856
 0.2924581218410718
 0.2921656637192308
 0.2918734980555115
 0.2918734980555115
 0.291581624557456
 0.2912900429328985
 0.2912900429328985
 0.2909987528899656
 0.2907077541370757
 0.2904170463829386
 0.2901266293365556
 0.2898365027072191
 0.2895466662045119
 0.2892571195383074
 0.2889678624187691
 0.2886788945563503
 0.288390215661794
 0.2881018254461322
 0.2881018254461322
 0.287813723620686
 0.2875259098970653
 0.2872383839871683
 0.2872383839871683
 0.2869511456031811
 0.286664194457578
 0.2863775302631204
 0.2860911527328573
 0.2858050615801244
 0.2855192565185443
 0.2852337372620258
 0.2849485035247638
 0.284663555021239
 0.2843788914662178
 0.2840945125747515
 0.2838104180621768
 0.2835266076441146
 0.2832430810364704
 0.282959837955434
 0.2826768781174785
 0.282394201239361
 0.282394201239361
 0.2821118070381217
 0.2818296952310835
 0.2815478655358524
 0.2812663176703166
 0.2809850513526462
 0.2807040663012936
 0.2804233622349923
 0.2801429388727573
 0.2798627959338845
 0.2795829331379506
 0.2793033502048127
 0.2790240468546079
 0.2790240468546079
 0.2787450228077533
