# Created by Octave 3.6.3, Mon Apr 22 13:08:33 2013 ART <champo@champos>
# name: data
# type: scalar struct
# ndims: 2
 1 1
# length: 8
# name: ETA
# type: matrix
# rows: 1501
# columns: 1
 0.3
 0.3
 0.3
 0.4
 0.3996
 0.4996
 0.4991004000000001
 0.4986012996
 0.4981026983004
 0.4976045956020996
 0.4971069910064975
 0.496609884015491
 0.4961132741314755
 0.5961132741314755
 0.5955171608573441
 0.6955171608573441
 0.6948216436964867
 0.6941268220527902
 0.6934326952307374
 0.6927392625355067
 0.6920465232729711
 0.6913544767496982
 0.6906631222729485
 0.6899724591506755
 0.6892824866915248
 0.6885932042048333
 0.6879046110006285
 0.6872167063896278
 0.6865294896832382
 0.685842960193555
 0.6851571172333614
 0.684471960116128
 0.6837874881560119
 0.6831037006678559
 0.682420596967188
 0.6817381763702208
 0.6810564381938506
 0.6803753817556568
 0.6796950063739011
 0.6790153113675272
 0.6783362960561597
 0.6776579597601036
 0.6769803018003434
 0.6763033214985431
 0.6756270181770445
 0.6749513911588675
 0.6742764397677086
 0.6736021633279409
 0.672928561164613
 0.6722556326034483
 0.6715833769708449
 0.6709117935938741
 0.6702408818002802
 0.66957064091848
 0.6689010702775615
 0.6682321692072839
 0.6675639370380766
 0.6668963731010386
 0.6662294767279375
 0.6655632472512096
 0.6648976840039584
 0.6642327863199545
 0.6635685535336345
 0.6629049849801009
 0.6622420799951207
 0.6615798379151256
 0.6609182580772105
 0.6602573398191333
 0.6595970824793141
 0.6589374853968348
 0.658278547911438
 0.6576202693635266
 0.656962649094163
 0.6563056864450688
 0.6556493807586238
 0.6549937313778652
 0.6543387376464873
 0.6536843989088408
 0.6530307145099319
 0.6523776837954219
 0.6517253061116265
 0.6510735808055149
 0.6504225072247094
 0.6497720847174847
 0.6491223126327672
 0.6484731903201344
 0.6478247171298143
 0.6471768924126845
 0.6465297155202718
 0.6458831858047516
 0.6452373026189469
 0.644592065316328
 0.6439474732510116
 0.6433035257777606
 0.6426602222519828
 0.6420175620297308
 0.6413755444677011
 0.6407341689232333
 0.6400934347543101
 0.6394533413195558
 0.6388138879782362
 0.638175074090258
 0.6375368990161677
 0.6368993621171516
 0.6362624627550344
 0.6356262002922793
 0.6349905740919871
 0.6343555835178951
 0.6337212279343772
 0.6330875067064429
 0.6324544191997364
 0.6318219647805366
 0.6311901428157561
 0.6305589526729404
 0.6299283937202674
 0.6292984653265472
 0.6286691668612207
 0.6280404976943594
 0.6274124571966651
 0.6267850447394684
 0.6261582596947289
 0.6255321014350342
 0.6249065693335992
 0.6242816627642657
 0.6236573811015014
 0.6230337237203999
 0.6224106899966795
 0.6217882793066828
 0.6211664910273761
 0.6205453245363487
 0.6199247792118123
 0.6193048544326005
 0.6186855495781679
 0.6180668640285898
 0.6174487971645612
 0.6168313483673967
 0.6162145170190293
 0.6155983025020103
 0.6149827041995083
 0.6143677214953088
 0.6137533537738136
 0.6131396004200398
 0.6125264608196197
 0.6119139343588
 0.6113020204244413
 0.6106907184040168
 0.6100800276856128
 0.6094699476579272
 0.6088604777102692
 0.6082516172325589
 0.6076433656153264
 0.7076433656153264
 0.706935722249711
 0.7062287865274613
 0.7055225577409339
 0.7048170351831929
 0.7041122181480097
 0.7034081059298617
 0.7027046978239319
 0.7020019931261079
 0.7012999911329818
 0.8012999911329818
 0.8004986911418488
 0.7996981924507069
 0.7988984942582562
 0.7980995957639979
 0.7973014961682339
 0.7965041946720657
 0.7957076904773936
 0.7949119827869162
 0.7941170708041293
 0.7933229537333252
 0.7925296307795918
 0.7917371011488122
 0.7909453640476635
 0.7901544186836158
 0.7893642642649322
 0.7885749000006673
 0.7877863251006667
 0.786998538775566
 0.7862115402367904
 0.7854253286965536
 0.7846399033678571
 0.7838552634644892
 0.7830714082010247
 0.7822883367928237
 0.7815060484560309
 0.7807245424075748
 0.7799438178651672
 0.779163874047302
 0.7783847101732547
 0.7776063254630815
 0.7768287191376184
 0.7760518904184808
 0.7752758385280623
 0.7745005626895342
 0.7737260621268446
 0.7729523360647177
 0.772179383728653
 0.7714072043449244
 0.7706357971405795
 0.769865161343439
 0.7690952961820955
 0.7683262008859134
 0.7675578746850275
 0.7667903168103424
 0.766023526493532
 0.7652575029670384
 0.7644922454640714
 0.7637277532186073
 0.7629640254653887
 0.7622010614399233
 0.7614388603784834
 0.7606774215181049
 0.7599167440965868
 0.7591568273524902
 0.7583976705251377
 0.7576392728546126
 0.756881633581758
 0.7561247519481762
 0.755368627196228
 0.7546132585690317
 0.7538586453104626
 0.7531047866651522
 0.7523516818784871
 0.7515993301966086
 0.750847730866412
 0.7500968831355456
 0.74934678625241
 0.7485974394661576
 0.7478488420266914
 0.7471009931846647
 0.7463538921914801
 0.7456075382992886
 0.7448619307609893
 0.7441170688302283
 0.7433729517613981
 0.7426295788096366
 0.741886949230827
 0.7411450622815962
 0.7404039172193145
 0.7396635133020952
 0.7389238497887931
 0.7381849259390043
 0.7374467410130653
 0.7367092942720522
 0.7359725849777802
 0.7352366123928024
 0.7345013757804095
 0.7337668744046291
 0.7330331075302244
 0.7323000744226942
 0.7315677743482715
 0.7308362065739232
 0.7301053703673493
 0.729375264996982
 0.7286458897319851
 0.7279172438422531
 0.7271893265984108
 0.7264621372718124
 0.7257356751345406
 0.7250099394594061
 0.7242849295199466
 0.7235606445904267
 0.7228370839458362
 0.7221142468618904
 0.7213921326150285
 0.7206707404824135
 0.7199500697419311
 0.7192301196721892
 0.718510889552517
 0.7177923786629644
 0.7170745862843014
 0.7163575116980171
 0.7156411541863191
 0.7149255130321328
 0.7142105875191007
 0.7134963769315816
 0.71278288055465
 0.7120700976740953
 0.7113580275764213
 0.7106466695488449
 0.709936022879296
 0.7092260868564167
 0.7085168607695603
 0.7078083439087908
 0.8078083439087907
 0.8070005355648819
 0.806193535029317
 0.8053873414942877
 0.8045819541527934
 0.8037773721986406
 0.802973594826442
 0.8021706212316156
 0.801368450610384
 0.8005670821597736
 0.7997665150776138
 0.7989667485625361
 0.7981677818139736
 0.7973696140321597
 0.7965722444181275
 0.7957756721737094
 0.7949798965015357
 0.7941849166050341
 0.7933907316884291
 0.7925973409567407
 0.791804743615784
 0.7910129388721683
 0.7902219259332961
 0.7894317040073628
 0.7886422723033555
 0.7878536300310521
 0.787065776401021
 0.7862787106246201
 0.7854924319139954
 0.7847069394820815
 0.7839222325425994
 0.7831383103100568
 0.7823551719997467
 0.7815728168277469
 0.7807912440109191
 0.7800104527669083
 0.7792304423141414
 0.7784512118718273
 0.7776727606599555
 0.7768950878992955
 0.7761181928113963
 0.7753420746185848
 0.7745667325439662
 0.7737921658114223
 0.7730183736456109
 0.7722453552719653
 0.7714731099166933
 0.7707016368067766
 0.7699309351699698
 0.7691610042347998
 0.768391843230565
 0.7676234513873345
 0.7668558279359471
 0.7660889721080112
 0.7653228831359031
 0.7645575602527672
 0.7637930026925145
 0.763029209689822
 0.7622661804801322
 0.761503914299652
 0.7607424103853524
 0.759981667974967
 0.759221686306992
 0.758462464620685
 0.7577040021560644
 0.7569462981539083
 0.7561893518557544
 0.7554331625038987
 0.7546777293413948
 0.7539230516120534
 0.7531691285604414
 0.7524159594318809
 0.751663543472449
 0.7509118799289766
 0.7501609680490476
 0.7494108070809986
 0.7486613962739176
 0.7479127348776436
 0.747164822142766
 0.7464176573206233
 0.7456712396633026
 0.7449255684236393
 0.7441806428552157
 0.7434364622123605
 0.7426930257501482
 0.741950332724398
 0.7412083823916736
 0.740467174009282
 0.7397267068352726
 0.7389869801284373
 0.7382479931483089
 0.7375097451551607
 0.7367722354100055
 0.7360354631745955
 0.7352994277114209
 0.7345641282837094
 0.7338295641554258
 0.7330957345912703
 0.7323626388566791
 0.7316302762178224
 0.7308986459416046
 0.730167747295663
 0.7294375795483674
 0.7287081419688191
 0.7279794338268503
 0.7272514543930234
 0.7265242029386304
 0.7257976787356918
 0.7250718810569561
 0.7243468091758991
 0.7236224623667232
