

W.A

ans =

   -0.3315   -6.1653    5.7451   -4.3917
    0.0472   -8.8616    9.0587   -0.1279
    0.0176   -4.7379    4.1692    3.3665
    0.4315   -6.7758    6.9524   -4.3630
    0.0474  -11.1319   10.3119    5.0540
   -0.0472   -2.1983    1.7963   -0.1732

W.B

ans =

    5.7793    7.1235    0.8849    6.0057   -4.2286    0.5565    4.5532
    2.6676    6.1697    3.9299    3.0626   -3.1536    1.4775    1.8764
    2.7249    0.0834    3.4937    4.1769   -5.0487    1.4367    2.4272

W.C

ans =

   -7.9196    9.6038    8.1553    3.0184