
W.A

ans =

   -0.0024   -7.2594    7.2792    4.9298
   -0.0160   -7.1569    6.7222   -5.9393
    0.3313   -5.1372    5.8510   -4.3773
   -0.0121  -16.8685   16.9186    7.2752
   -0.0036  -11.3439   11.3305    2.3206
    0.0456  -12.9119   12.8879   -4.1848

W.B

ans =

   -4.6000   -6.2645   -2.6735    3.0920   -2.3790    2.7937   -1.4284
    4.0719   -1.4530    0.0600    7.2989  -20.5088   20.1317   -9.1868
    8.9751   -1.1508    0.5980    7.9946   -1.1412    5.0673    5.0462

W.C

ans =

  -16.8283  -12.9764   -8.9875  -14.3008