W.A

ans =

    8.3418   -8.3336    4.9874
    7.5486   -7.5137   -0.6903
   13.9925  -13.9737   -2.3016

W.B

ans =

    3.9326   -3.2550   12.9865    2.4422
    8.0727    9.8711    7.5255    7.5456

W.C

ans =

  -14.5901   10.4766   -0.1427
  
  
